# 
#                 ----------------------------------------------------
#                 Data from a 3D direct N-body simulation. 
# 
#                 rows are i-particle; 
#                 coumns are :mass, tag, x ,y, z, vx, vy, vz, ax, ay, az
# 
#                 NTHU, Computational Physics 
# 
#                 ----------------------------------------------------
#                 Time = 0.0
0.000000000000000000e+00 1.000000000000000000e+00 2.000000000000000000e+00 3.000000000000000000e+00 4.000000000000000000e+00 5.000000000000000000e+00 6.000000000000000000e+00 7.000000000000000000e+00 8.000000000000000000e+00 9.000000000000000000e+00 1.000000000000000000e+01 1.100000000000000000e+01 1.200000000000000000e+01 1.300000000000000000e+01 1.400000000000000000e+01 1.500000000000000000e+01 1.600000000000000000e+01 1.700000000000000000e+01 1.800000000000000000e+01 1.900000000000000000e+01 2.000000000000000000e+01 2.100000000000000000e+01 2.200000000000000000e+01 2.300000000000000000e+01 2.400000000000000000e+01 2.500000000000000000e+01 2.600000000000000000e+01 2.700000000000000000e+01 2.800000000000000000e+01 2.900000000000000000e+01 3.000000000000000000e+01 3.100000000000000000e+01 3.200000000000000000e+01 3.300000000000000000e+01 3.400000000000000000e+01 3.500000000000000000e+01 3.600000000000000000e+01 3.700000000000000000e+01 3.800000000000000000e+01 3.900000000000000000e+01 4.000000000000000000e+01 4.100000000000000000e+01 4.200000000000000000e+01 4.300000000000000000e+01 4.400000000000000000e+01 4.500000000000000000e+01 4.600000000000000000e+01 4.700000000000000000e+01 4.800000000000000000e+01 4.900000000000000000e+01 5.000000000000000000e+01 5.100000000000000000e+01 5.200000000000000000e+01 5.300000000000000000e+01 5.400000000000000000e+01 5.500000000000000000e+01 5.600000000000000000e+01 5.700000000000000000e+01 5.800000000000000000e+01 5.900000000000000000e+01 6.000000000000000000e+01 6.100000000000000000e+01 6.200000000000000000e+01 6.300000000000000000e+01 6.400000000000000000e+01 6.500000000000000000e+01 6.600000000000000000e+01 6.700000000000000000e+01 6.800000000000000000e+01 6.900000000000000000e+01 7.000000000000000000e+01 7.100000000000000000e+01 7.200000000000000000e+01 7.300000000000000000e+01 7.400000000000000000e+01 7.500000000000000000e+01 7.600000000000000000e+01 7.700000000000000000e+01 7.800000000000000000e+01 7.900000000000000000e+01 8.000000000000000000e+01 8.100000000000000000e+01 8.200000000000000000e+01 8.300000000000000000e+01 8.400000000000000000e+01 8.500000000000000000e+01 8.600000000000000000e+01 8.700000000000000000e+01 8.800000000000000000e+01 8.900000000000000000e+01 9.000000000000000000e+01 9.100000000000000000e+01 9.200000000000000000e+01 9.300000000000000000e+01 9.400000000000000000e+01 9.500000000000000000e+01 9.600000000000000000e+01 9.700000000000000000e+01 9.800000000000000000e+01 9.900000000000000000e+01 1.000000000000000000e+02 1.010000000000000000e+02 1.020000000000000000e+02 1.030000000000000000e+02 1.040000000000000000e+02 1.050000000000000000e+02 1.060000000000000000e+02 1.070000000000000000e+02 1.080000000000000000e+02 1.090000000000000000e+02 1.100000000000000000e+02 1.110000000000000000e+02 1.120000000000000000e+02 1.130000000000000000e+02 1.140000000000000000e+02 1.150000000000000000e+02 1.160000000000000000e+02 1.170000000000000000e+02 1.180000000000000000e+02 1.190000000000000000e+02 1.200000000000000000e+02 1.210000000000000000e+02 1.220000000000000000e+02 1.230000000000000000e+02 1.240000000000000000e+02 1.250000000000000000e+02 1.260000000000000000e+02 1.270000000000000000e+02 1.280000000000000000e+02 1.290000000000000000e+02 1.300000000000000000e+02 1.310000000000000000e+02 1.320000000000000000e+02 1.330000000000000000e+02 1.340000000000000000e+02 1.350000000000000000e+02 1.360000000000000000e+02 1.370000000000000000e+02 1.380000000000000000e+02 1.390000000000000000e+02 1.400000000000000000e+02 1.410000000000000000e+02 1.420000000000000000e+02 1.430000000000000000e+02 1.440000000000000000e+02 1.450000000000000000e+02 1.460000000000000000e+02 1.470000000000000000e+02 1.480000000000000000e+02 1.490000000000000000e+02 1.500000000000000000e+02 1.510000000000000000e+02 1.520000000000000000e+02 1.530000000000000000e+02 1.540000000000000000e+02 1.550000000000000000e+02 1.560000000000000000e+02 1.570000000000000000e+02 1.580000000000000000e+02 1.590000000000000000e+02 1.600000000000000000e+02 1.610000000000000000e+02 1.620000000000000000e+02 1.630000000000000000e+02 1.640000000000000000e+02 1.650000000000000000e+02 1.660000000000000000e+02 1.670000000000000000e+02 1.680000000000000000e+02 1.690000000000000000e+02 1.700000000000000000e+02 1.710000000000000000e+02 1.720000000000000000e+02 1.730000000000000000e+02 1.740000000000000000e+02 1.750000000000000000e+02 1.760000000000000000e+02 1.770000000000000000e+02 1.780000000000000000e+02 1.790000000000000000e+02 1.800000000000000000e+02 1.810000000000000000e+02 1.820000000000000000e+02 1.830000000000000000e+02 1.840000000000000000e+02 1.850000000000000000e+02 1.860000000000000000e+02 1.870000000000000000e+02 1.880000000000000000e+02 1.890000000000000000e+02 1.900000000000000000e+02 1.910000000000000000e+02 1.920000000000000000e+02 1.930000000000000000e+02 1.940000000000000000e+02 1.950000000000000000e+02 1.960000000000000000e+02 1.970000000000000000e+02 1.980000000000000000e+02 1.990000000000000000e+02
1.000000000000000000e+00 1.000000000000000000e+00 1.000000000000000000e+00 1.000000000000000000e+00 1.000000000000000000e+00 1.000000000000000000e+00 1.000000000000000000e+00 1.000000000000000000e+00 1.000000000000000000e+00 1.000000000000000000e+00 1.000000000000000000e+00 1.000000000000000000e+00 1.000000000000000000e+00 1.000000000000000000e+00 1.000000000000000000e+00 1.000000000000000000e+00 1.000000000000000000e+00 1.000000000000000000e+00 1.000000000000000000e+00 1.000000000000000000e+00 1.000000000000000000e+00 1.000000000000000000e+00 1.000000000000000000e+00 1.000000000000000000e+00 1.000000000000000000e+00 1.000000000000000000e+00 1.000000000000000000e+00 1.000000000000000000e+00 1.000000000000000000e+00 1.000000000000000000e+00 1.000000000000000000e+00 1.000000000000000000e+00 1.000000000000000000e+00 1.000000000000000000e+00 1.000000000000000000e+00 1.000000000000000000e+00 1.000000000000000000e+00 1.000000000000000000e+00 1.000000000000000000e+00 1.000000000000000000e+00 1.000000000000000000e+00 1.000000000000000000e+00 1.000000000000000000e+00 1.000000000000000000e+00 1.000000000000000000e+00 1.000000000000000000e+00 1.000000000000000000e+00 1.000000000000000000e+00 1.000000000000000000e+00 1.000000000000000000e+00 1.000000000000000000e+00 1.000000000000000000e+00 1.000000000000000000e+00 1.000000000000000000e+00 1.000000000000000000e+00 1.000000000000000000e+00 1.000000000000000000e+00 1.000000000000000000e+00 1.000000000000000000e+00 1.000000000000000000e+00 1.000000000000000000e+00 1.000000000000000000e+00 1.000000000000000000e+00 1.000000000000000000e+00 1.000000000000000000e+00 1.000000000000000000e+00 1.000000000000000000e+00 1.000000000000000000e+00 1.000000000000000000e+00 1.000000000000000000e+00 1.000000000000000000e+00 1.000000000000000000e+00 1.000000000000000000e+00 1.000000000000000000e+00 1.000000000000000000e+00 1.000000000000000000e+00 1.000000000000000000e+00 1.000000000000000000e+00 1.000000000000000000e+00 1.000000000000000000e+00 1.000000000000000000e+00 1.000000000000000000e+00 1.000000000000000000e+00 1.000000000000000000e+00 1.000000000000000000e+00 1.000000000000000000e+00 1.000000000000000000e+00 1.000000000000000000e+00 1.000000000000000000e+00 1.000000000000000000e+00 1.000000000000000000e+00 1.000000000000000000e+00 1.000000000000000000e+00 1.000000000000000000e+00 1.000000000000000000e+00 1.000000000000000000e+00 1.000000000000000000e+00 1.000000000000000000e+00 1.000000000000000000e+00 1.000000000000000000e+00 1.000000000000000000e+00 1.000000000000000000e+00 1.000000000000000000e+00 1.000000000000000000e+00 1.000000000000000000e+00 1.000000000000000000e+00 1.000000000000000000e+00 1.000000000000000000e+00 1.000000000000000000e+00 1.000000000000000000e+00 1.000000000000000000e+00 1.000000000000000000e+00 1.000000000000000000e+00 1.000000000000000000e+00 1.000000000000000000e+00 1.000000000000000000e+00 1.000000000000000000e+00 1.000000000000000000e+00 1.000000000000000000e+00 1.000000000000000000e+00 1.000000000000000000e+00 1.000000000000000000e+00 1.000000000000000000e+00 1.000000000000000000e+00 1.000000000000000000e+00 1.000000000000000000e+00 1.000000000000000000e+00 1.000000000000000000e+00 1.000000000000000000e+00 1.000000000000000000e+00 1.000000000000000000e+00 1.000000000000000000e+00 1.000000000000000000e+00 1.000000000000000000e+00 1.000000000000000000e+00 1.000000000000000000e+00 1.000000000000000000e+00 1.000000000000000000e+00 1.000000000000000000e+00 1.000000000000000000e+00 1.000000000000000000e+00 1.000000000000000000e+00 1.000000000000000000e+00 1.000000000000000000e+00 1.000000000000000000e+00 1.000000000000000000e+00 1.000000000000000000e+00 1.000000000000000000e+00 1.000000000000000000e+00 1.000000000000000000e+00 1.000000000000000000e+00 1.000000000000000000e+00 1.000000000000000000e+00 1.000000000000000000e+00 1.000000000000000000e+00 1.000000000000000000e+00 1.000000000000000000e+00 1.000000000000000000e+00 1.000000000000000000e+00 1.000000000000000000e+00 1.000000000000000000e+00 1.000000000000000000e+00 1.000000000000000000e+00 1.000000000000000000e+00 1.000000000000000000e+00 1.000000000000000000e+00 1.000000000000000000e+00 1.000000000000000000e+00 1.000000000000000000e+00 1.000000000000000000e+00 1.000000000000000000e+00 1.000000000000000000e+00 1.000000000000000000e+00 1.000000000000000000e+00 1.000000000000000000e+00 1.000000000000000000e+00 1.000000000000000000e+00 1.000000000000000000e+00 1.000000000000000000e+00 1.000000000000000000e+00 1.000000000000000000e+00 1.000000000000000000e+00 1.000000000000000000e+00 1.000000000000000000e+00 1.000000000000000000e+00 1.000000000000000000e+00 1.000000000000000000e+00 1.000000000000000000e+00 1.000000000000000000e+00 1.000000000000000000e+00 1.000000000000000000e+00 1.000000000000000000e+00 1.000000000000000000e+00 1.000000000000000000e+00 1.000000000000000000e+00 1.000000000000000000e+00 1.000000000000000000e+00 1.000000000000000000e+00 1.000000000000000000e+00 1.000000000000000000e+00
6.248921630579938880e-01 6.819078945098291378e-01 2.630996949441682942e-01 9.264712723466654865e-01 9.173977472973615654e-02 6.336667102312195654e-01 4.806537042889829081e-01 8.738597689322268325e-01 7.241564553293924345e-01 7.380073052141460366e-01 8.214438920921128817e-01 3.903680200710631931e-01 3.439633919009020824e-01 5.161471192970823463e-01 1.041970713194142473e-01 8.765988437147720358e-01 3.462691416518721699e-01 6.401041466716520523e-01 7.638291625589539446e-01 5.011657847360792006e-01 3.936402421875265789e-01 4.537768754754403222e-01 5.227564641168684911e-01 8.933981136456840000e-01 4.331509710045623462e-01 9.518775764350375646e-01 7.177644153040325659e-01 5.554792432615642817e-01 2.646137370239243225e-02 8.495523000268324632e-01 3.230083569600693538e-01 4.975666410256204264e-01 3.940450291430092067e-01 7.390409222071516737e-01 1.406413650500073498e-01 3.702504400816579722e-01 6.022530553742009296e-01 9.781247386913525244e-01 2.863136939336022868e-01 9.906708918519676610e-01 4.202254070175444056e-01 3.855025353543654054e-01 4.725241268214065427e-01 3.481510761777835139e-01 6.893395261074770630e-01 5.183633545696857414e-01 4.267551831037742494e-01 6.529117701154849573e-01 4.084663502578472771e-01 2.159392903084007553e-01 9.552073745713240971e-02 4.238141083325813741e-01 4.158684949269562114e-01 2.828692684006358649e-01 9.728596836019788308e-01 1.795561240439980111e-01 9.528341912533465630e-01 8.812585171430611375e-01 2.710141267997756565e-01 5.150087938391850750e-01 3.864687525035295224e-01 8.886191957231230898e-01 7.891365585729631649e-01 8.531708848756532904e-01 4.705104506428093858e-01 1.811061160774685153e-02 8.163409894769042552e-01 3.237164470119250348e-01 3.842354272119908876e-01 5.168259324355309881e-01 5.241588107929709972e-01 7.669972437074707994e-01 3.182956291288893125e-01 5.030235718664753941e-01 4.043846566264971409e-01 5.611046448728119751e-01 4.027812676010474879e-01 9.760467070816081225e-02 1.277610604407410921e-01 6.269307883451119556e-01 5.132993456986435499e-01 6.766202549190463156e-01 6.635308446885487266e-01 3.891425193520249293e-01 3.267791585128410059e-01 6.040090019993242798e-01 4.911202949123333328e-01 8.135440757269850609e-01 1.734550275187241031e-02 6.705912907832263237e-01 9.460872774089148507e-01 1.448212068638892180e-01 5.527490622677687648e-01 4.400964049500435404e-01 4.401854626109006352e-01 8.478737526104618283e-03 6.944934241600086988e-02 4.314854430302335064e-01 2.659089085725485635e-02 1.727493463096307913e-03 3.577875400181351750e-01 8.024382809335542932e-01 6.885029829916395894e-01 9.430605446028189620e-01 9.625579480054052839e-01 6.673728410789013799e-01 1.902571543803567300e-01 1.825284233531662137e-01 5.590291163354585979e-01 4.520927093781194062e-01 2.697216476833023124e-01 4.860853693011811805e-01 3.941965661804924803e-01 6.442690845387383236e-01 5.297148267796936150e-01 9.144933574380270658e-01 3.375181206127034761e-01 2.442541438063439152e-01 9.874563135088454402e-02 8.156401585279158262e-01 7.636194964254825468e-01 7.738293247981564704e-02 6.711972294175337916e-01 6.684240364863307526e-01 2.267560825209058439e-02 3.050470530965228022e-01 4.535739692769972242e-01 9.055541408949541182e-02 2.174974258472779365e-01 7.531528474476554269e-01 7.649242753063323352e-01 1.281550223876180006e-01 2.236697953054138654e-01 3.056704944383066280e-01 4.595033035180841052e-01 7.504619877841142150e-01 2.019423301781980706e-01 6.530339804453285657e-01 8.492537627545346801e-01 4.362172040408947016e-01 7.741497426620754796e-01 8.968481247366547615e-01 5.868788215984236389e-01 5.082220059182696037e-02 3.797079359939792287e-02 6.686762486359189017e-01 2.572386089063650738e-01 2.645694409428765992e-01 7.718725781663288155e-01 8.525401393860427834e-01 9.446909808521289920e-01 5.256269374853872467e-01 7.318535222493878223e-01 4.243260870628529080e-01 8.281623613049806654e-01 9.085289929077758897e-01 3.777773428104773679e-01 7.907907044742675806e-01 4.510333590855455377e-01 9.190504485729781292e-01 2.648668348741478606e-02 4.108883821724362839e-02 5.347327540188595574e-01 2.732572412323700517e-01 4.522983218998485322e-01 1.866185662891163277e-01 7.494426493919839061e-01 7.202829018465464195e-01 1.551972856381473864e-01 8.369316929453385345e-01 3.610824158110798043e-01 4.832133865005503459e-01 5.224628142150755661e-02 2.772036624825956475e-01 5.050253053661150071e-01 8.888655038942105957e-02 7.821195425690243841e-01 5.480073412620684037e-01 7.717187455361645965e-01 1.789216380975474641e-01 6.549138727783081482e-01 7.750806850264128078e-01 7.563156755105848728e-02 9.328544847858522004e-02 3.477054976443044731e-01 7.469608729702189587e-01 3.534044444725307210e-01 9.092059463146139331e-01 3.934281368619133579e-01 9.104712013511429003e-02 3.868733343219438181e-01 8.236847025749682860e-01 7.722688499620757874e-01 3.986555349459113273e-01 9.109953194133999510e-01 7.841048177511090733e-01 6.423041501488458982e-01 7.598712054302624308e-01 2.775169212746246838e-01 2.842087664102433964e-01
4.207513230573215468e-01 5.117891943315496794e-01 1.854880131611550409e-01 3.951909823648311892e-01 1.813136283028310425e-01 7.659940507412487110e-01 8.910742289505153568e-01 4.949365549440581935e-01 4.133778263389370489e-01 2.126274880444118942e-01 5.729288188257336545e-01 6.480410227366190101e-01 6.804216207896371937e-01 1.015225713031607802e-01 7.030040781347162149e-01 3.817232500091380931e-01 3.415536860673679120e-01 5.093071996660925027e-02 3.510883171922247747e-01 8.010074598581121696e-01 7.712467499614591437e-01 5.020136697888185617e-01 3.045941092764584690e-01 6.742534003898669193e-01 4.608226774285112404e-01 7.887459586875957829e-01 1.668517298837474128e-01 5.473968523279121312e-01 3.597739094129012161e-01 6.252246163191952366e-01 1.357464506055714448e-01 3.525593110861284796e-01 1.270547741066644365e-01 1.675170006513784227e-01 4.796701058584109667e-01 5.491081432536830675e-01 6.458297858990269535e-02 2.485811759690890188e-01 8.161240367160752518e-01 4.692576687023546356e-01 4.914888468532442323e-01 2.096166021344614272e-02 5.640175730795188302e-01 9.574373980703558829e-01 7.394353775256505834e-01 4.294852851424986184e-01 1.863260693810138147e-01 6.561120818839586422e-01 2.141617298879405773e-03 3.089512365886019074e-01 5.911527132040139687e-02 4.891348291722007469e-01 1.006124875856723166e-01 6.825047866582798495e-01 9.200775995769733262e-01 2.044934987723823205e-02 6.302903414467879717e-01 5.863964462516226828e-01 1.051780561757740262e-01 3.955272592475711502e-01 5.506644264160049929e-01 2.263893456949327421e-01 6.474491222629162879e-01 3.993616475803323240e-01 3.373927193857854112e-01 6.538250696336833645e-02 4.972079358465333332e-01 8.224630234095146042e-01 8.255153942685988788e-01 3.461693482718333215e-01 9.497244617258678856e-01 6.070201782405986179e-01 6.660541148560238378e-01 1.552204204650753372e-02 6.772173686818637739e-01 7.018246097498895830e-01 3.943654072140339029e-01 9.532788378754311065e-01 4.305645422918363829e-01 5.765322903170364555e-01 4.003044521468100969e-01 7.861275397058929970e-01 2.274742178131483605e-01 9.937970706927693465e-01 2.997824008329685874e-02 1.191987846021440589e-01 5.827927601371007960e-02 4.066561436580314881e-01 3.333062576836435253e-01 6.908608541207530429e-01 9.428065028414147619e-01 6.062115175236986175e-01 5.617913367859951324e-01 2.105776025703663956e-01 8.058799410092309934e-02 2.749738421788008313e-01 3.851819699989634804e-01 4.758560941296201552e-01 8.346600189358250876e-01 2.528118059015586061e-01 4.877158307881876986e-01 4.352629902077997937e-01 1.476697319363822203e-01 9.886365658040123794e-01 5.287873645936762568e-01 4.857934402943262509e-01 9.772093429993413682e-01 8.607435739729882851e-01 2.722612179389729548e-01 5.802604099098963575e-01 1.161926232044385721e-02 6.411323550684270289e-01 1.432203223237480394e-01 2.245165903008468078e-01 8.902570080370476591e-01 1.908033441215490900e-01 1.096689134027994950e-01 6.487285412807188845e-01 9.348667833941080030e-01 5.693710783256336061e-01 6.664432487984706110e-02 4.312466038380018407e-01 2.009240089922322836e-01 2.381134267995979048e-01 7.698791392245282195e-01 8.592224208232943639e-01 4.305808326968679767e-01 6.400631993098697681e-01 6.049279740794091254e-01 2.798986891991761539e-02 1.794644306822351654e-01 4.228060419115559077e-01 7.215312132950025825e-01 9.015771099386749032e-01 3.314718009411989907e-01 9.969588709810733862e-01 7.198012287408184218e-02 4.277747638792092078e-01 6.154471791895474997e-01 4.574605097948347687e-02 7.403409069643739349e-01 1.314548946125362328e-01 7.182013559728560592e-01 7.706286186184211351e-01 1.145053534585818156e-01 4.900313126037121325e-01 7.151657079360826952e-01 9.289551659041694887e-02 9.385667714038254950e-01 9.037492683729743126e-01 6.120526097387769537e-01 5.663575073377354885e-01 4.199581196993804610e-01 5.251120854095040480e-01 5.900698387885595642e-01 3.671123365082993306e-01 3.942620089546765572e-01 9.538983602108066506e-01 8.052412503698662682e-01 4.055170568548150944e-01 1.596133733257815157e-01 3.409452097868155285e-01 8.980039539823987393e-01 2.612125899907780102e-03 8.612162559696456832e-02 6.154888903028415958e-01 5.519022694493318504e-01 3.039110757216235692e-01 2.960690624991815234e-01 3.327304852971552096e-01 4.857832035585705199e-01 2.735021630724696617e-01 4.152572548226298732e-01 1.216337940240259652e-01 1.106166946544167029e-01 5.197305709404751450e-01 1.581100697156133661e-01 9.179223486790529796e-01 9.301263217573273456e-01 2.193089335622590008e-01 1.659718972113619628e-01 4.385489496863929082e-01 1.745162721004851480e-01 8.199272377358878261e-01 3.543458434248134559e-01 3.879422906578058328e-01 4.146792076433837293e-01 2.116959706304665234e-01 7.068438033273395371e-01 2.741977864654795427e-01 3.051665003231849305e-01 5.818216918871405019e-01 4.132646309645948701e-02 7.624546873210348297e-01 6.334530185409437131e-02 1.654444467135591790e-01 5.911181804718268484e-01 2.898712887745813482e-02 4.891532265250519984e-02 8.007689590252641265e-01
9.922969002264083738e-01 8.125691482845659452e-01 6.026113665580501433e-01 2.516917213212809257e-01 7.823891492746768428e-01 8.330790764707382001e-01 7.395070461368087322e-01 6.940604186783608798e-01 1.488041368279584553e-01 8.598862661914659089e-01 9.879322621415568273e-01 4.089101039518084901e-01 8.129769340591734839e-01 1.598400155031265424e-01 5.473556156354727475e-01 2.684023119347862529e-01 8.002044327059086859e-01 2.424080350140048745e-01 8.554990438227110250e-01 6.463032479508358241e-01 9.890026944894856342e-01 9.886161732887923659e-01 4.417380871241693985e-02 2.650832341808843085e-01 2.488359956392570682e-01 7.969274544428384122e-01 6.792378075657901082e-01 8.791099323408281263e-01 5.723442603521096128e-01 3.108892558234744863e-01 1.319494859561611833e-01 2.869530575318254284e-01 1.226821280361456434e-02 4.654444024786699163e-01 8.321504063344337121e-01 7.171794670094909785e-01 4.622725989072681285e-01 8.576518084148692100e-01 2.746164462034049736e-01 5.862557396810494925e-01 4.687513760780180894e-01 8.634080507605582655e-01 8.713966928292473657e-01 7.034914792716236986e-01 9.115369705286608948e-01 8.993871029791095095e-01 3.638792746733751082e-01 3.979141324984292183e-01 4.657709556309450605e-01 1.619086527910916784e-01 1.630052795785009723e-01 2.283680981223967787e-02 9.219306676166275638e-01 3.541345585131248086e-01 1.177155062670213193e-01 6.103811333608043510e-01 8.748481467884091645e-01 9.490980668028747846e-01 2.356927828303196915e-01 9.352907617823871256e-01 7.400044335601788648e-01 6.762796251214473475e-01 3.071678798528612031e-01 7.335143684574098044e-01 7.855729037817549276e-01 9.919849107191205384e-01 5.136277193267894114e-01 9.560307260367617577e-01 7.014905689199244510e-01 5.176976095342965545e-01 3.744548452415292772e-01 5.983944183180645027e-01 7.256604299464444185e-01 9.664031932112614465e-01 7.909003686630422525e-02 5.163039753888819527e-01 9.444483710956891320e-01 4.176244778388186196e-01 6.030906919088239171e-01 1.578782169807418923e-01 4.824700585092493998e-01 1.906345624662131311e-02 9.197496921876031628e-01 9.723473706487690826e-01 4.520023124044173501e-01 9.170664325377769766e-01 9.043819054484701914e-01 4.953712964907579508e-01 8.183445542207974377e-01 2.867894382606179793e-01 3.370887092420093989e-02 8.032647248669848583e-01 4.251286641716489623e-01 4.141098108642936593e-01 2.486220563706335041e-01 5.176918481969282615e-01 5.087542275469020270e-01 1.084901266253971430e-01 2.848775682069950577e-01 1.874523965474658160e-01 7.361875215151560958e-01 4.013356803144328966e-01 9.310881165756993427e-01 3.066182821318319540e-02 9.037883417920508089e-01 9.893918256881742979e-01 8.536188926164328672e-01 8.487060506061420151e-01 6.961443254246050261e-01 6.656415288067883962e-01 7.610584420264269179e-01 2.204672724177578758e-01 1.411431693250804198e-01 5.318001546988910810e-01 8.300552062178728763e-01 6.209027293868659703e-01 9.189819630223607927e-01 8.766315444025096770e-02 8.758706757407892507e-01 8.259276396738075565e-01 7.278033800581634738e-01 9.305213812111565730e-01 8.384824220752293833e-01 3.674165147658127184e-01 5.533740489271177232e-02 9.345677299237968860e-01 8.817188648462046530e-01 3.471205699561090707e-01 7.097927588050244596e-01 8.896595320628832848e-01 3.971908983758042355e-01 6.172321150784152444e-01 3.494694034090713997e-01 9.708499726221248016e-01 2.499031862794108827e-01 7.372305187138447069e-01 7.845604379815358520e-01 7.768565381671795889e-01 9.837756823155705543e-01 8.111533650180275945e-01 1.879393019330222181e-01 5.076523739828603388e-01 7.055428496190429000e-01 4.596599544114308156e-01 9.891942750346227609e-01 3.794789229236428252e-02 2.796078964188539739e-01 1.037327519749520199e-02 4.660583891783243171e-02 4.686431999870133147e-02 3.771308248927990325e-01 2.582091831785010561e-01 9.281973478546022838e-01 1.824948813075842891e-01 1.126088328127171634e-01 9.642729215784867636e-01 6.159807077567992506e-01 5.433928662862541614e-02 7.215328491531859401e-01 6.592459400977102035e-01 7.668070479222033331e-02 9.871318122225503089e-01 6.852913646363112399e-02 9.004058711112714608e-01 8.354686217252013103e-01 6.463619645245498591e-01 6.616079296628551987e-04 3.901981822049971349e-02 6.630811453981361181e-01 7.781501097959969693e-01 9.337974510425839370e-02 3.279756531071342796e-01 6.416739011939954773e-01 1.090764435068902749e-02 3.467388734593559452e-01 5.015800883974135260e-01 9.525587155413572926e-02 5.018794152748148329e-01 4.159811775519236532e-01 4.844446082359892269e-01 6.968263627146228378e-01 7.088397312817749096e-01 2.973064377407986791e-01 3.601662614362325376e-01 9.441096338773340424e-01 2.803402828525916046e-01 5.032995274625948756e-01 2.043622698461594611e-01 8.742746186091965299e-01 2.724653199804203396e-01 5.020063951451687601e-01 7.938553979263532900e-01 1.552915861469875702e-01 8.507784641510029999e-03 6.698442229185280761e-01 5.131734707590782651e-01 4.100658812595503466e-01 5.154393831471775211e-01 7.514226757547710633e-01 1.104318840514976197e-01
9.747603684166912252e-01 3.342259115169278205e-01 4.560291318819928996e-01 7.111421686399986841e-01 2.528067939421857480e-01 1.999144424838733558e-01 9.405297407216363093e-01 2.029899898345485232e-01 5.609222949771861533e-01 4.024217252252251242e-01 1.475099339931444931e-01 4.205068262009792335e-02 4.731029229148951964e-01 6.702688671242684748e-02 4.715721513559532063e-01 8.872524356186676231e-01 2.738542916327224575e-02 5.025883510647957131e-01 2.980607276008181428e-01 6.674027356937862754e-01 5.996320640480071740e-01 8.578359946516896928e-01 3.417997921002409178e-01 5.094334303415101184e-01 6.847769939784776883e-01 2.229485439546798897e-01 7.300161742029660505e-01 5.842414647923733773e-01 7.218833741144284888e-01 3.552258605066711539e-01 4.998912842556368918e-01 8.013261895286782899e-02 3.984096775969793169e-01 4.377777985838204877e-02 2.147378283307054270e-01 2.471396516837912616e-01 1.389726820137151542e-01 8.560871619000920418e-01 7.224970935383184800e-01 8.080742529208893021e-01 1.701977244419651258e-01 4.650822552168309976e-01 9.647340177911146730e-01 4.550440619612839965e-01 6.210701094059254412e-01 2.831581189331017212e-01 9.564933636075452217e-01 2.156858420842032720e-01 4.638255703113313144e-01 1.921083724174287299e-01 5.075317100531424597e-01 4.201011904874555336e-01 4.452289923562279261e-01 8.313995956418274158e-02 4.978241826107911994e-01 1.076706656867458811e-01 5.452063395916505462e-01 6.994502199124579267e-01 4.798032558335596498e-02 4.009119779751714185e-01 5.390094144959490796e-01 2.786499499267443003e-01 5.317152813277872259e-01 8.930769253205966818e-01 6.515621713756480915e-02 6.631583878491864592e-01 3.124746859195537407e-01 1.587436069221936918e-02 5.956010070820455526e-01 3.469912917888789972e-01 7.287146749267590096e-01 6.112159429985419834e-02 2.258930487834928114e-01 4.204340864073519146e-02 8.716433328714945361e-02 3.072317023023115601e-01 7.911953139124292544e-01 5.053766440168618868e-01 2.850671461810142526e-01 9.835546557706874582e-01 1.905563116265728274e-01 8.160238107930882778e-01 4.892580806503886715e-01 7.866124401775179686e-01 3.607443844549470535e-01 6.488495578392099450e-01 1.467068004253986313e-01 3.551260782713239195e-01 3.031658782925685802e-01 2.700507660448160374e-01 2.434873238938120021e-01 9.659371863292605109e-01 6.571878815730846091e-01 6.871711181602596641e-01 4.195074790534838449e-01 5.523024735646661076e-01 7.255033094012219852e-02 3.547872487206249481e-01 2.620751692746834394e-01 3.576092694955061990e-01 4.381575558947039539e-01 7.180942113192820830e-01 5.401284936717600793e-01 9.229520979775148737e-01 6.305680117718579503e-01 8.803505959452226914e-01 8.174874852540727765e-01 7.119237147124382048e-01 9.094644999461209967e-02 3.402523005531089551e-01 4.143291736528765812e-01 2.444314312045618998e-01 4.844491638843655412e-01 4.131314698308391486e-01 4.342265457692449093e-01 7.914899862023105914e-02 8.602390965564317149e-01 4.533733654740481622e-01 9.513770230134891426e-01 6.640368607713109661e-01 5.717810687926371260e-01 4.158809288182984121e-01 1.193076216331721007e-01 2.875358788524745579e-01 3.455423389119315347e-01 6.814497372612819959e-01 5.696991281690688691e-01 5.759171218537358916e-01 5.046268473917837616e-01 3.394904489610298670e-01 6.880102512626380395e-01 7.449454969938451576e-02 1.696024406874755419e-01 9.082276577503435311e-01 3.906897893661565035e-02 7.689250472512280110e-01 9.122853546830630433e-01 1.029834111886834824e-01 7.783811432308089806e-01 4.085539112821676699e-01 2.169895461988176066e-01 6.909434762093239479e-01 3.910833288250269435e-01 4.479676458969875652e-01 4.836459039562749362e-01 5.580300795565313887e-01 6.170367751402763279e-01 1.912264395618369361e-01 9.001947334727760097e-01 7.953026942220430273e-01 8.567993206962353225e-01 3.576453052466384008e-01 4.190376845689088858e-01 1.634004769362229492e-02 9.759800583258958495e-01 4.797491798022137655e-01 1.147420952938985605e-01 9.365522261004923799e-01 2.083769197591482936e-01 8.003304012783460930e-01 6.526491037534011275e-01 8.267355924346843077e-01 7.614895277116741079e-01 7.778546780302308949e-01 4.959671235368243725e-01 7.318798931752656944e-02 5.364075546412078177e-01 4.110573616287493959e-01 9.985950023931626784e-01 5.906573764118250303e-01 7.575439105172355747e-01 8.839921333904399159e-02 5.263937313028693721e-01 4.475721799331378037e-02 1.280050040496441000e-01 2.383733648382069248e-03 4.723282571548216291e-01 1.508774347451613540e-01 5.985770987429063217e-01 6.434206631472333404e-01 4.177412469068346734e-01 8.288475405925744832e-01 4.117901637699693529e-01 6.716210284121723051e-01 3.334515660171216700e-01 6.831417914121629131e-01 2.005949562174821343e-01 3.149290845973506947e-01 6.113902332366137893e-01 1.607620054517574504e-01 2.655716691271360341e-01 3.261312017711585076e-01 8.928663321161512956e-01 8.221709984248493086e-01 3.367933781766802026e-01 7.924313094520532008e-01 3.448664868624922164e-01 8.714132478284033478e-01 7.989004074515118070e-01 3.585523983011702498e-01
5.079693203462609663e-02 4.381038397963875619e-01 2.408427059973332618e-01 9.852388977156387728e-01 1.729978740351588717e-01 6.521175044112075270e-01 5.950930872993731580e-01 8.499192210306618644e-01 2.190388658749085060e-01 4.437385053350827446e-01 9.922451239967767789e-01 3.401973787898135981e-01 5.123835348584697691e-01 4.818691856628888326e-01 6.756534755279108850e-01 7.072513899539687454e-01 2.442340988963852544e-01 2.352427769296806526e-01 2.557246507728295759e-01 4.753264751521445453e-01 5.430143742535384899e-01 5.599857609169225370e-01 7.705818545043152668e-02 1.054352177727536644e-01 5.052184755062316679e-02 8.056120212999744457e-01 1.097673135269994216e-02 2.841593543291779378e-01 3.824937270804626976e-01 7.080378559907121172e-01 2.782025907589931180e-01 2.838056894272733555e-01 3.037722144804938518e-01 5.817600042415956851e-01 2.818358369128611818e-01 6.138108848706935738e-01 5.923731152021779467e-01 1.128491585864779267e-01 2.226248656971629991e-02 7.344681707202515009e-01 4.294315161136604830e-01 1.747635799311886284e-02 1.877186327790476561e-01 5.764796633043175467e-01 8.211801722193914355e-01 6.931220330847411848e-01 3.731458588067189108e-01 3.178309927082976216e-01 5.439036710072848724e-01 8.187314156251770392e-01 1.624161331277751419e-02 7.622451846241951046e-02 8.221359533355200311e-01 7.391650664091873324e-01 8.768822353736409614e-01 9.086148100266361327e-01 4.731951140157812929e-01 2.862744362025839706e-01 6.498382118213495984e-01 4.513367427650010200e-01 2.191453641762676208e-01 8.146679039830816427e-01 6.715476355238481077e-02 4.129529584810234244e-01 4.269302127485221643e-01 2.781487391051040703e-01 3.677011327541716001e-01 4.209728183156781212e-01 6.173033873347392175e-01 1.207545488859184113e-01 9.774945443836202674e-02 6.442400405011745601e-01 6.412480363585171261e-01 7.912596691193418685e-01 2.531639386859537710e-01 5.557110143370024291e-01 6.340028624870364116e-02 4.638618723987841808e-02 9.922547446671327043e-01 4.495679945837607328e-01 2.243749569171979985e-01 5.968889064369743425e-01 5.570031140638920242e-01 5.319416675822378204e-01 2.331413664906758498e-01 9.603848246568574831e-01 3.563388865730569011e-01 8.022004978135834907e-01 5.591205623050705675e-01 4.443299153929348710e-01 8.213675169198079162e-01 6.878447143536658981e-01 1.593006185651195672e-01 9.214643226365303308e-01 1.397676903506092083e-01 1.112822144597329643e-01 5.168722562221688133e-01 1.623703531200582084e-01 7.952937621015635505e-01 8.707590512840134300e-01 2.660401561736415177e-01 2.995180962043564321e-01 7.557048538703384777e-01 6.342011278777548444e-02 1.542539378551792684e-01 9.088864812288258710e-01 4.328327353248249132e-01 8.283346298335169111e-01 5.998845023307551871e-01 9.240872859869506684e-01 1.972226868325577254e-02 8.916639348957087208e-01 4.396081331260628389e-01 7.623249316743785364e-02 6.575509143998042871e-01 1.634672893623190237e-01 6.506106643144458079e-01 9.219390578592262520e-01 6.239152805147553105e-01 5.336208412182058547e-01 4.444268511259096277e-01 5.777227169779198812e-01 6.700112038822808591e-01 4.053114894460998485e-01 9.603198704473187020e-01 7.071743940424694008e-01 1.560950544490525838e-01 2.409300329929094930e-01 8.008663093697795388e-01 1.721992676549812806e-01 3.104050179737787296e-01 2.162099813954011518e-01 6.148879639533821884e-01 4.691156391127626613e-02 6.747326184105465474e-01 1.835265552175616710e-01 4.881420289865533446e-01 4.361238189746745597e-01 2.315079396763199959e-01 3.491131462872036906e-01 6.232458389040179680e-01 6.787578166494044885e-01 2.014268071762292944e-01 6.917580109243259834e-02 8.374664434372207644e-01 2.504670028183617614e-01 2.438632416423924809e-01 9.413849526719113570e-01 7.623546244729817456e-02 9.127433591490144993e-01 4.847211578441232849e-01 6.481615491057882705e-01 1.158840843884266780e-01 8.971659314862623358e-02 2.920636930749931359e-01 2.270741158862120690e-01 7.472067208175315889e-01 9.324978569641062531e-02 4.607303516842059521e-01 6.328289310867871720e-01 7.664088016107064583e-01 7.996833456029224241e-01 6.389824749783046265e-01 3.172384347795735859e-01 2.844975711273278751e-02 9.924184370555155787e-01 1.925398590824166645e-01 6.366200340962224757e-02 5.425953616663362622e-01 2.911807685863794237e-01 3.907787750958332529e-01 2.447337111090490680e-01 5.012622716849762794e-01 6.684989869006960905e-01 8.225312758555903825e-01 9.662721805575634759e-01 5.000454061109174120e-01 9.331802560493546173e-01 9.397982031839786643e-01 8.566432482871209064e-01 3.930906919742229721e-01 6.676142652739699423e-01 5.157112032829582748e-01 3.976625131709109473e-01 3.307701278842778425e-02 7.204566879676603808e-01 3.819718658046180604e-01 5.748756073445622228e-01 9.323433158858552838e-01 9.760268414670976167e-01 6.440463507285989486e-01 6.070006121313077374e-01 4.083613638130905166e-01 1.360689002062028807e-01 2.693183433131486337e-01 7.318285110912401414e-01 5.286288998838348796e-01 4.080115285162966288e-01 8.078063683419303143e-01 3.386964713820836970e-01
8.491209744416902128e-01 8.565908220943463380e-01 4.595182830373901739e-01 9.872660788770781792e-02 1.312754397526252337e-01 8.557331580285292283e-01 8.842915573171202803e-01 2.927026222965947166e-01 2.386436421719351220e-02 3.624524368671833141e-01 4.128828567890162615e-01 5.014217563481712103e-01 3.898405438856740179e-01 2.582030202298674082e-01 5.937233623718581876e-01 9.699630601124697993e-01 1.648809298146008961e-01 5.942262339320751874e-01 6.876830335062976696e-01 6.687639003677862126e-01 6.636335750411903600e-02 9.786850517024537899e-01 1.190568224233802264e-01 7.342534599931778150e-01 3.841592123021195793e-01 8.853074172592605429e-01 6.200901056617783569e-01 8.806289447602750897e-01 4.487873480543763671e-01 1.772718995279976006e-02 1.456468922022956525e-01 4.099247559976628708e-01 6.941241303438205890e-02 5.573069116108076981e-01 6.929787462449488178e-01 1.359400814725636453e-01 3.297671990918793483e-03 6.556103536775258478e-01 6.069903905329565585e-02 8.492360992524428109e-01 6.230863156169677008e-01 5.026911962430791192e-02 2.663292262124095089e-01 5.621341444869708548e-01 8.575654191911703528e-01 4.037534175644937884e-01 3.537591350466015028e-01 2.877537818204667364e-02 5.714523995886446883e-01 9.782605932418184658e-01 9.827194737139421932e-01 8.787854825413116133e-01 5.913373026272308319e-01 4.468173301922276908e-01 7.281372370478670364e-01 6.338859934753410252e-01 7.983429951363044674e-01 9.301085633795075358e-01 7.628489018343650452e-01 7.036910025387038692e-01 9.909227865766628840e-01 7.162523190152493280e-01 8.748396320541521609e-01 5.713129994594645655e-01 4.047694959369223522e-01 7.607402827344640350e-01 2.361942557090827011e-01 1.109614750833798347e-01 8.141093764574885983e-01 9.864731821632736208e-01 3.314672727515650674e-01 2.612012621624968389e-01 9.679361599070566147e-01 7.233623226740170109e-01 6.138257453269243547e-01 9.094449713166306015e-01 4.766851758155665753e-01 5.592946996603426202e-01 3.265476728537262119e-01 2.392973209933615397e-01 2.082213760458421214e-01 3.146056025991443850e-01 9.524353953453323918e-01 7.373324450343344827e-01 9.234075387386311284e-01 8.697569988595532653e-01 3.177258393913441337e-01 8.014854450263377839e-01 6.794623564102749702e-01 5.295348909896034906e-01 4.187476306578155061e-01 4.628921690206463380e-01 9.017456824078939892e-02 4.715336213028228363e-01 8.275921318194324749e-01 4.191687053025520138e-01 3.012168287734574568e-01 2.380618153895710520e-01 1.655259530367481080e-01 4.865281139877813965e-01 3.777212182392712947e-01 5.153713725804727197e-01 1.436125603093011405e-01 7.077481173525620450e-01 2.318778346736140028e-01 6.176887675871378658e-01 5.752753516642579168e-01 6.759710317371292465e-01 2.833846152862791179e-01 4.578634980499863838e-01 8.533921926694493232e-01 4.725455048341790087e-01 7.549164182830523373e-01 8.627251103410493727e-02 1.126571809580636518e-01 5.418620548116398483e-01 7.458088387409645970e-01 1.316744177637759750e-01 2.620715073692729824e-01 6.315476155940795699e-01 7.983641584411618197e-01 3.953938226996591698e-01 8.114137200215569834e-01 4.578492221143757313e-01 2.505623699139266636e-01 1.028523376866712358e-01 3.225315664251472425e-01 3.050849785014582150e-01 3.885236024458827986e-01 8.686293304315615416e-01 6.663491247950109608e-01 5.008002185344284651e-01 4.480235912760210937e-01 2.218061146147198848e-01 8.263395756239639844e-01 2.519172211813512918e-01 1.068467062722072702e-01 1.874538335875222117e-01 4.058068835766772686e-01 9.004224011048430620e-01 8.534715732234374741e-01 2.823252356549547093e-01 2.046482394023356743e-01 9.655687280763192160e-02 7.259045873199254650e-03 8.792608376602268905e-01 8.089396868745302172e-02 7.866094986344926987e-01 3.902221290000342790e-01 8.533148137361613594e-01 2.145965967902507820e-01 1.561526960903691919e-01 1.110618285776818759e-01 6.320400290242210728e-01 3.688972217809548537e-01 8.742277207454898225e-01 7.416607477446760521e-01 9.208098943081095555e-01 6.055063725996279178e-01 5.772776896209201869e-01 7.207869588313962073e-01 7.162174659471098881e-01 7.195896023746004566e-01 8.236666600884441358e-01 6.847360776195142718e-01 1.404440195681193604e-01 4.369856549231038167e-01 8.887512428040544865e-02 7.365075525050570615e-01 3.561037933883947071e-01 5.377949937831238980e-01 1.063729847566508013e-01 7.888322358390758016e-01 3.036477666810746268e-01 8.011949250173486803e-01 7.303618553760065080e-01 6.371880232264359734e-01 2.238063115301005546e-01 9.429894990395686349e-01 9.950379431105144112e-01 4.387345893984453404e-01 8.505453647182990018e-01 9.346263339893259303e-01 9.603593635096929759e-02 7.322952668565280154e-01 7.576227726826637587e-01 7.659452160714242952e-01 3.673534191843028651e-01 2.413567163881571442e-01 6.661525007732044257e-01 4.535601048512435396e-01 7.868571244646977991e-01 2.489603689809065656e-01 3.659937034004621115e-01 1.588778313474978887e-01 7.369507905395441538e-01 2.440111497584012135e-01 1.498799374457159272e-01 5.949355177470951883e-01 5.076308213564016958e-01
1.521116697506241788e-02 7.978574630899755160e-01 9.253408040833034365e-01 7.260566970725256253e-01 7.106508898629174675e-01 7.925689629381893475e-03 3.432109763430241101e-01 9.188200668284315364e-01 5.689427603902792452e-01 5.604304843847316420e-01 8.060279909657617203e-01 5.506645510544938560e-02 1.231580772213459740e-01 2.762182685795846471e-01 3.612623114058042262e-01 1.504821501296295105e-01 5.127769357451107402e-01 2.391801402522640840e-01 9.788040196044596186e-01 4.076468491427359675e-01 8.069547383239827898e-01 5.503983107245754569e-01 5.554395038561648068e-01 7.667129895510674809e-01 4.178189500793105804e-02 1.941717666801485720e-01 8.384511406828696334e-01 6.687533611282007184e-01 9.623538237538363793e-01 1.280285338985477361e-01 6.389919806602627483e-01 6.375885020719005425e-01 7.825575783357642257e-01 9.651395467791912264e-01 9.838662880000497157e-01 6.863738652102644444e-01 4.173088067588899275e-01 4.500246659987170439e-01 3.954830022303723602e-02 1.514063182708555999e-01 9.385987203211376695e-01 6.886313088121702730e-01 7.279989220747162815e-02 5.322335446194726982e-01 6.608754559635153791e-01 6.171760432005635177e-01 5.396654824602855616e-01 9.185207041293846908e-01 9.850660884821107466e-01 3.720723109303530896e-01 8.916969219863490892e-01 1.677249127616451396e-01 4.701070216023558457e-01 3.959166425305874482e-01 9.679482867050630546e-01 9.076530498899579857e-01 7.393561994049779873e-02 9.661826962599462387e-01 4.124938816458133539e-01 7.367663584049614078e-01 8.938939615101036962e-01 4.788181335667286431e-01 1.665700816187180022e-01 4.434920457582719466e-01 7.846519821695263630e-01 5.529045459252597272e-01 3.475377352992974345e-01 2.052365972592524734e-01 8.526817411837033234e-01 7.580293775501558695e-01 8.343340900093187962e-01 9.046345438655158944e-01 4.644141169093529697e-02 6.506307430153313032e-02 9.207878365474186921e-02 8.954543465517342815e-01 8.920508208445765419e-02 9.905403379794978092e-01 4.411631192270235591e-01 9.661868227660916908e-01 5.308734149189602292e-01 3.265198080304710926e-01 3.047564051614736202e-01 9.352570288827022349e-01 4.236195948642001996e-01 9.316300060943191186e-01 5.294853183299841337e-02 9.648784400795554772e-01 1.378892018300466038e-01 3.516945955951044089e-01 1.026540629411392125e-01 3.835845573155818311e-01 2.037252458634959407e-01 3.559442900539897536e-01 1.521217941681636265e-01 7.329783065798188835e-01 8.982817133054487035e-01 8.576433784756406498e-01 7.211631985922213328e-01 5.319337721399238772e-01 3.316873468032179861e-01 9.042178403717133772e-01 7.200283963179487934e-01 5.957651382194673051e-02 9.507246985641337744e-02 1.139630236422554121e-01 9.376475036340417013e-01 8.822444178793841241e-01 7.677250418973242674e-01 9.123848697891657755e-01 6.650654027137993252e-01 4.287224838509096081e-01 6.160452264877193107e-01 7.086270380910741906e-01 8.032218053498478838e-01 8.263615786362691340e-01 6.573048277782150839e-01 1.168208528707259664e-02 6.967714823828591308e-01 2.820708974365482291e-01 7.764112250984611663e-03 3.733207480748399476e-01 8.503615523128320586e-01 4.384057167719579429e-02 6.747245989133031641e-01 4.674361947882919033e-01 5.137869274276085640e-02 4.827886879818708010e-01 1.632232009232209569e-01 8.390365574532800963e-01 3.621076292240416050e-01 7.489774837296825361e-01 2.697893781983969896e-01 8.670378242450438311e-02 9.877539985234425890e-01 7.099578517491350604e-01 6.808492159519247133e-01 3.065484390651751490e-01 6.205338723552221714e-01 3.833669934595811402e-01 1.686241397660565022e-01 1.799990830931852415e-01 8.286165724081359096e-01 4.992266977440191766e-01 3.163784796759561146e-01 6.359753918740393974e-01 5.913292425301894806e-01 9.258407001635027278e-01 9.548305948614219663e-01 3.608107306879945186e-01 7.978346869677106490e-01 7.615736958546968083e-01 6.969178501486724686e-01 6.869395163131837290e-01 1.461058432529208639e-01 7.722540835858936470e-01 1.892274732674841253e-01 1.786606827318431012e-01 1.650023850449863216e-01 6.890056923163301317e-01 8.133101464576620865e-01 9.589374657224744025e-01 3.625847808212517842e-01 1.127774690947397351e-01 1.629023771123927489e-01 2.892984009101331466e-01 5.679115166233141831e-01 2.624384712162131095e-01 6.519337080754072922e-01 9.282470049828288605e-01 2.560638541310102934e-01 2.924527201724597125e-01 3.063406176147238646e-01 5.142781942791598837e-01 1.793332169936039389e-01 4.599514700501328157e-02 6.486812004953539379e-01 9.814888795931877574e-01 9.614494428577907703e-01 8.368114020764051419e-01 1.939856567657833875e-01 1.172766586769797836e-01 4.690485539369037005e-01 2.813211436621154693e-01 4.966233728780030665e-01 4.394013817083872731e-01 4.833196140408675401e-01 5.505582114953860851e-01 5.753072170438763289e-01 2.744886351811731684e-01 6.980940531772394930e-02 2.229687889934970357e-01 1.680810144351180258e-01 5.271916458035803554e-01 6.212697434595296775e-01 6.820037074415916667e-01 6.052174521312048139e-01 5.911915525741819888e-01 6.513226823930622356e-01 2.169884224808812379e-01
8.584293157205091784e-02 4.203926336145268339e-01 1.423012155226031084e-01 7.218989877098169750e-02 9.879670038799651666e-01 5.314699144018489863e-01 6.205239049164771314e-01 5.187443910067425223e-01 1.536608027488082229e-01 9.372462654697819584e-01 9.138786466777318873e-01 8.457242493367111980e-02 2.999709957162455254e-01 7.782469961375635403e-01 4.332568073147402554e-02 3.031135929794350758e-01 7.809228018434535290e-01 2.376824564317899791e-01 2.174210975683443792e-02 4.391047346305253507e-01 4.543703746804764743e-01 5.758891410742295047e-02 8.576295246961419538e-01 6.623444114838152874e-01 2.244312448948408978e-01 5.560992936919580965e-01 5.427471024622685380e-01 4.880699218027251263e-01 4.826061703765724964e-01 5.233400194101405223e-01 8.294501276564750780e-01 5.776993968243203659e-01 2.869106953792083248e-01 7.884216570917238487e-01 9.047440379293947288e-04 6.546176563920008684e-01 9.352467217213533690e-01 3.285328449645370519e-01 2.563410365378487876e-01 6.899891680817265005e-01 6.816350842710383606e-02 9.663489266727934845e-01 1.014531309630249956e-01 4.639616011713157961e-01 4.361356653632805225e-01 8.338329955735883647e-01 8.556890995624780727e-01 6.561565116133138975e-01 7.654638982578028106e-01 6.816830002568826652e-01 4.991017337688730127e-02 2.271365786807544307e-01 8.864348798439746213e-01 9.400778166759227172e-01 8.731006292608506358e-01 4.425464334070872141e-01 7.290641400862005739e-01 7.517198613833965259e-01 8.903527208682959770e-02 2.373284714464126699e-01 6.712661327457583038e-01 2.645370609944965867e-01 3.918551000529540973e-01 7.621199985614247607e-01 6.484946674203717620e-01 2.601197943049768924e-01 6.750065784523024970e-01 9.646290380042888968e-01 2.820681238646334243e-01 2.631127708254599185e-01 2.310805446467398827e-01 8.208073746866555442e-01 3.986483638514894956e-01 6.734009500445862217e-01 3.500972147303473836e-01 3.810237403611268503e-01 8.957017475715132182e-01 9.358720134885820663e-01 7.263335495472887926e-01 1.403065296102522508e-01 9.914302980871670945e-01 6.869812485837668570e-01 4.667351953258863650e-01 6.527398751851912762e-01 8.913269808379175041e-01 4.149624925823269805e-03 9.280458261398908393e-01 3.165833883653875747e-01 1.419228447969773654e-01 4.259028538755271764e-02 3.153821989033643858e-01 4.255817964799604169e-01 6.859321824493385122e-01 7.239210351043012803e-01 8.831301640445349266e-01 3.546576675547709057e-01 1.843316712602306451e-01 2.122758649847261703e-01 2.899100072858139532e-01 3.318785382777016402e-01 4.645737512815240056e-01 5.174236893016431749e-01 7.955297954542470684e-01 9.126556309560821534e-01 7.379633765750044372e-01 6.252500755643016772e-01 7.444524732463109196e-01 9.878454064298869408e-02 4.921037398394337847e-01 6.306750519537529520e-02 9.577679528480832483e-01 7.635231513839618733e-01 6.203503466168973635e-01 3.482630199987646336e-01 4.560670202246988048e-01 1.048050437614287400e-01 6.903031111645061557e-01 2.439903203060848069e-01 6.189095021638231220e-01 3.496361173495164953e-01 5.965902782171579322e-01 2.189917443790251328e-01 5.557685732715954563e-01 4.035314696666562062e-01 7.955809075210569237e-01 9.150324337546543729e-01 4.161621434779053663e-01 1.163172020532320383e-01 7.759347196889153642e-01 3.081499320686289511e-01 3.730384363652844426e-01 5.455206345333497575e-01 5.458760742764994234e-01 8.246591359891203288e-01 5.487892533324076894e-01 4.901262660893936918e-01 1.559213189895312102e-01 8.350249921225684213e-01 9.141589382867049141e-01 1.927262947795096437e-01 4.986663669922037911e-01 6.279969927995281420e-01 4.535514125259973994e-01 5.131627588105193150e-01 8.438249889400588621e-01 6.583174971823021471e-01 7.554414870640013824e-01 2.726620318174594049e-01 5.781183152489304256e-01 2.326723219098323359e-01 2.892062601910661002e-01 4.913456518391745576e-01 4.994325263359661315e-01 1.030944458326755742e-01 9.449238925725412797e-01 2.259508582323643822e-02 2.752258717450043468e-01 4.485308093605921975e-03 3.877715031931751044e-01 6.008569791447117003e-01 6.986109946311667152e-01 8.125329784972270541e-01 5.616851148898850399e-01 6.481177732188538876e-01 1.259079808189622618e-02 8.904025649069238213e-01 8.375041904469504583e-01 3.650146668028839692e-01 9.381818430136814602e-01 4.500639051652149947e-01 5.243377850743229374e-01 6.259838419825076716e-01 7.501745202135126078e-01 9.936197249329483672e-01 4.931646897650018291e-01 8.925604954424519732e-01 7.392860234266196429e-01 7.275264337020878047e-01 2.490316425739026451e-01 8.772170798196710084e-01 5.838694645169061337e-01 3.623349920152079129e-01 1.909038775170979196e-01 4.686100914646881277e-01 3.245047703000200068e-01 9.329552648967510686e-01 7.592499929774513268e-01 4.587648422274057669e-01 6.059196108600943820e-01 9.213324693167834756e-01 8.915330187963932396e-01 8.698783605617117498e-01 2.783253673366434811e-01 9.922597672984202477e-01 9.573538375867157724e-01 8.647535218872692830e-02 5.886596657460401172e-01 6.955189843048409370e-01 1.772580632559028757e-02 6.483516417526669073e-01
2.931474067954750184e-01 4.626095770442650856e-01 8.146162732082528057e-01 7.803622312156907048e-01 9.517115399813147469e-03 7.649512916821643582e-02 9.272317477052305357e-02 6.527042592612185556e-01 9.810986776215158134e-01 5.677161759565816368e-01 6.509114145947237917e-01 7.946173644197218611e-01 6.014272776161837530e-01 8.556601652862608764e-01 5.908226779004017715e-01 5.150096199757832061e-01 3.033431702001034846e-01 2.290923095534458387e-02 9.376173889687768881e-01 7.652712472078723183e-01 7.309489334992106402e-01 5.140663983255422398e-02 5.465746929349002414e-02 5.610608133189523006e-01 9.737945503344864751e-01 3.563269193210921726e-01 5.591116038944966560e-01 6.436430736657691165e-01 8.674125105888509379e-01 9.348150645013431070e-01 7.310262711334877261e-01 8.147517820265243182e-01 6.936378070905049320e-01 2.897088303695205536e-02 1.251352523309171572e-01 9.074792685115973256e-01 6.207454180534722754e-01 3.592476219349437505e-01 4.216111102349637818e-01 8.432179355694566780e-01 6.054264042357360154e-02 7.467450222927211057e-01 2.422814827567724150e-01 7.917864221020602944e-01 3.609113988825120023e-01 2.787709531028065291e-01 1.442568599266134122e-01 4.931690099489438595e-02 8.887654904327211280e-01 8.460242567588124318e-01 6.286850006780894118e-01 8.919326731066323788e-03 2.687677072800094269e-01 7.856962454268111573e-01 7.186142016053631565e-02 2.774431764982154824e-02 3.653357229438802811e-01 9.342985151878502315e-01 1.022846919521589459e-01 2.791938539185041535e-01 9.333360537101956789e-01 9.342214551459691041e-01 7.628201441877270339e-01 6.128679267779713058e-03 9.402949796453925480e-01 1.223588559039144874e-01 7.987104857349355269e-01 3.406967602034630671e-01 9.819187996262185303e-01 4.957617858178042791e-01 7.282706167575992984e-01 4.071528197051982323e-01 5.776842252201348504e-01 5.897118327723555042e-01 7.906673046590630971e-01 1.912823361344493378e-01 2.443307461017293347e-01 8.729287713181832498e-02 6.161753740276455504e-01 7.865646281744730350e-01 9.556863201835225086e-01 2.288757130327574441e-01 7.815003914149674102e-01 1.517063423820631529e-01 5.661306515979719345e-01 3.028276677944066186e-01 2.861513892011641191e-01 7.756655102292797643e-02 5.636431378531288061e-01 9.259772838345838863e-01 6.685291913676049136e-01 3.261925840661517029e-01 2.855094512952471852e-01 4.456040025020134854e-01 3.504035229285624720e-01 4.532704635796352965e-01 3.035559421155631377e-02 6.449760327543686556e-01 5.318119244679041513e-01 6.097982997776822955e-01 5.883964116983965154e-01 6.295247348630189643e-01 3.352653960848994696e-01 1.124567598654845346e-01 4.282070278957856857e-01 5.073088308221395115e-01 8.462387103015105438e-01 9.927844168793934498e-01 4.520125145415966328e-01 7.076860132532644121e-01 8.079380377383077461e-01 4.674298441616876465e-01 6.784374300996169893e-01 6.545542795451231299e-01 6.292499366130704930e-01 1.069122785931653219e-01 7.403139758127744718e-01 1.035310416260585287e-01 2.756856164467029746e-01 2.419421409900489595e-01 8.831625488532922619e-01 4.237747147084464094e-01 3.243886063915941698e-01 1.626347412613097232e-01 1.237378505204105306e-01 9.058447793576893670e-01 3.043600623707216624e-01 1.149745793088482460e-01 8.119845026137488819e-01 9.012328723559078769e-01 9.322441031423629454e-01 8.413217129586025855e-01 5.722163023196863429e-01 7.661302705303836280e-01 8.486901051133765028e-01 9.725933983933124916e-01 5.614602198041455106e-01 3.448837887238339617e-01 3.659154635092820573e-01 6.394850091453682106e-01 5.328297662756695807e-01 2.094446854026918992e-01 2.885336340658211096e-01 6.767500626335259950e-01 6.329271016215239909e-01 6.771704165295512334e-01 4.309025760551749018e-01 5.651636993178357216e-01 9.248766069869772677e-01 5.960800391482278249e-01 1.734136912225637817e-01 4.239326513740671043e-01 6.529357814680910588e-01 1.935293087390280720e-01 4.117695694176490839e-01 5.826740448947983486e-01 6.348127959027868306e-01 8.893457162314700737e-01 8.171861952869394763e-01 8.548905121443661770e-01 6.047638385544356066e-01 6.338298799237862546e-03 4.464901215421377412e-01 8.247569720760334899e-01 2.404773222717627723e-01 3.370318120264015338e-01 2.671926532819258737e-01 8.638892324135182266e-01 7.412360986196626644e-01 7.684238066845637816e-01 6.624876080573449677e-01 4.114050487874895135e-01 3.386465521577008975e-01 4.198349413958859522e-01 1.235063892737801039e-01 8.771895305671983945e-02 6.240660281328352932e-01 6.199256124244925115e-01 6.708746825185457618e-01 5.725027780991855941e-01 1.154332167001781428e-01 9.333556880265673206e-01 4.294389040661793500e-01 7.276031201667465531e-02 9.148456790745548295e-01 9.976420293815306817e-01 7.992108503469880221e-01 7.684476839617389032e-01 1.190993206103614366e-01 2.062552884469833758e-01 8.485007649606586266e-01 1.054743008694931650e-01 2.661495211272850714e-01 9.790534027071071677e-01 8.018723805877945310e-01 3.989790956652647935e-01 6.648426351184367755e-01 2.344511979476681107e-01 9.245960949142222329e-01 1.900619966856426091e-01
