# 
#                 ----------------------------------------------------
#                 Data from a 3D direct N-body simulation. 
# 
#                 rows are i-particle; 
#                 coumns are :mass, tag, x ,y, z, vx, vy, vz, ax, ay, az
# 
#                 NTHU, Computational Physics 
# 
#                 ----------------------------------------------------
#                 Time = 0.0
0.000000000000000000e+00 1.000000000000000000e+00 2.000000000000000000e+00 3.000000000000000000e+00 4.000000000000000000e+00 5.000000000000000000e+00 6.000000000000000000e+00 7.000000000000000000e+00 8.000000000000000000e+00 9.000000000000000000e+00 1.000000000000000000e+01 1.100000000000000000e+01 1.200000000000000000e+01 1.300000000000000000e+01 1.400000000000000000e+01 1.500000000000000000e+01 1.600000000000000000e+01 1.700000000000000000e+01 1.800000000000000000e+01 1.900000000000000000e+01 2.000000000000000000e+01 2.100000000000000000e+01 2.200000000000000000e+01 2.300000000000000000e+01 2.400000000000000000e+01 2.500000000000000000e+01 2.600000000000000000e+01 2.700000000000000000e+01 2.800000000000000000e+01 2.900000000000000000e+01 3.000000000000000000e+01 3.100000000000000000e+01 3.200000000000000000e+01 3.300000000000000000e+01 3.400000000000000000e+01 3.500000000000000000e+01 3.600000000000000000e+01 3.700000000000000000e+01 3.800000000000000000e+01 3.900000000000000000e+01 4.000000000000000000e+01 4.100000000000000000e+01 4.200000000000000000e+01 4.300000000000000000e+01 4.400000000000000000e+01 4.500000000000000000e+01 4.600000000000000000e+01 4.700000000000000000e+01 4.800000000000000000e+01 4.900000000000000000e+01 5.000000000000000000e+01 5.100000000000000000e+01 5.200000000000000000e+01 5.300000000000000000e+01 5.400000000000000000e+01 5.500000000000000000e+01 5.600000000000000000e+01 5.700000000000000000e+01 5.800000000000000000e+01 5.900000000000000000e+01 6.000000000000000000e+01 6.100000000000000000e+01 6.200000000000000000e+01 6.300000000000000000e+01 6.400000000000000000e+01 6.500000000000000000e+01 6.600000000000000000e+01 6.700000000000000000e+01 6.800000000000000000e+01 6.900000000000000000e+01 7.000000000000000000e+01 7.100000000000000000e+01 7.200000000000000000e+01 7.300000000000000000e+01 7.400000000000000000e+01 7.500000000000000000e+01 7.600000000000000000e+01 7.700000000000000000e+01 7.800000000000000000e+01 7.900000000000000000e+01 8.000000000000000000e+01 8.100000000000000000e+01 8.200000000000000000e+01 8.300000000000000000e+01 8.400000000000000000e+01 8.500000000000000000e+01 8.600000000000000000e+01 8.700000000000000000e+01 8.800000000000000000e+01 8.900000000000000000e+01 9.000000000000000000e+01 9.100000000000000000e+01 9.200000000000000000e+01 9.300000000000000000e+01 9.400000000000000000e+01 9.500000000000000000e+01 9.600000000000000000e+01 9.700000000000000000e+01 9.800000000000000000e+01 9.900000000000000000e+01 1.000000000000000000e+02 1.010000000000000000e+02 1.020000000000000000e+02 1.030000000000000000e+02 1.040000000000000000e+02 1.050000000000000000e+02 1.060000000000000000e+02 1.070000000000000000e+02 1.080000000000000000e+02 1.090000000000000000e+02 1.100000000000000000e+02 1.110000000000000000e+02 1.120000000000000000e+02 1.130000000000000000e+02 1.140000000000000000e+02 1.150000000000000000e+02 1.160000000000000000e+02 1.170000000000000000e+02 1.180000000000000000e+02 1.190000000000000000e+02
1.000000000000000000e+00 1.000000000000000000e+00 1.000000000000000000e+00 1.000000000000000000e+00 1.000000000000000000e+00 1.000000000000000000e+00 1.000000000000000000e+00 1.000000000000000000e+00 1.000000000000000000e+00 1.000000000000000000e+00 1.000000000000000000e+00 1.000000000000000000e+00 1.000000000000000000e+00 1.000000000000000000e+00 1.000000000000000000e+00 1.000000000000000000e+00 1.000000000000000000e+00 1.000000000000000000e+00 1.000000000000000000e+00 1.000000000000000000e+00 1.000000000000000000e+00 1.000000000000000000e+00 1.000000000000000000e+00 1.000000000000000000e+00 1.000000000000000000e+00 1.000000000000000000e+00 1.000000000000000000e+00 1.000000000000000000e+00 1.000000000000000000e+00 1.000000000000000000e+00 1.000000000000000000e+00 1.000000000000000000e+00 1.000000000000000000e+00 1.000000000000000000e+00 1.000000000000000000e+00 1.000000000000000000e+00 1.000000000000000000e+00 1.000000000000000000e+00 1.000000000000000000e+00 1.000000000000000000e+00 1.000000000000000000e+00 1.000000000000000000e+00 1.000000000000000000e+00 1.000000000000000000e+00 1.000000000000000000e+00 1.000000000000000000e+00 1.000000000000000000e+00 1.000000000000000000e+00 1.000000000000000000e+00 1.000000000000000000e+00 1.000000000000000000e+00 1.000000000000000000e+00 1.000000000000000000e+00 1.000000000000000000e+00 1.000000000000000000e+00 1.000000000000000000e+00 1.000000000000000000e+00 1.000000000000000000e+00 1.000000000000000000e+00 1.000000000000000000e+00 1.000000000000000000e+00 1.000000000000000000e+00 1.000000000000000000e+00 1.000000000000000000e+00 1.000000000000000000e+00 1.000000000000000000e+00 1.000000000000000000e+00 1.000000000000000000e+00 1.000000000000000000e+00 1.000000000000000000e+00 1.000000000000000000e+00 1.000000000000000000e+00 1.000000000000000000e+00 1.000000000000000000e+00 1.000000000000000000e+00 1.000000000000000000e+00 1.000000000000000000e+00 1.000000000000000000e+00 1.000000000000000000e+00 1.000000000000000000e+00 1.000000000000000000e+00 1.000000000000000000e+00 1.000000000000000000e+00 1.000000000000000000e+00 1.000000000000000000e+00 1.000000000000000000e+00 1.000000000000000000e+00 1.000000000000000000e+00 1.000000000000000000e+00 1.000000000000000000e+00 1.000000000000000000e+00 1.000000000000000000e+00 1.000000000000000000e+00 1.000000000000000000e+00 1.000000000000000000e+00 1.000000000000000000e+00 1.000000000000000000e+00 1.000000000000000000e+00 1.000000000000000000e+00 1.000000000000000000e+00 1.000000000000000000e+00 1.000000000000000000e+00 1.000000000000000000e+00 1.000000000000000000e+00 1.000000000000000000e+00 1.000000000000000000e+00 1.000000000000000000e+00 1.000000000000000000e+00 1.000000000000000000e+00 1.000000000000000000e+00 1.000000000000000000e+00 1.000000000000000000e+00 1.000000000000000000e+00 1.000000000000000000e+00 1.000000000000000000e+00 1.000000000000000000e+00 1.000000000000000000e+00 1.000000000000000000e+00 1.000000000000000000e+00 1.000000000000000000e+00
1.302637282584351297e-02 3.930910215034543187e-01 5.087100252438361281e-01 6.928476811709444183e-01 7.125447809154488166e-01 1.715970385026411860e-01 2.385496377647896571e-01 4.297243521038914826e-01 6.717283107225313632e-01 3.127899508202547363e-01 4.307570766701502851e-01 9.225058169970707933e-01 1.185161761182581541e-01 8.406707491045397607e-01 1.664398512141824771e-01 2.487675702164304781e-02 6.195505550245394844e-01 1.779034574767389687e-01 6.385464513184267998e-01 2.471392206592825103e-01 2.587269549876554109e-01 1.011336426594795501e-01 5.623233977586282739e-01 8.277534079136267264e-01 6.481395423835523140e-01 2.812935823401767621e-01 8.862378542859461472e-01 6.193582086591570279e-01 4.378853063298128179e-01 9.880758531435336334e-01 6.758571207081881527e-01 9.285244285446863088e-01 6.110814624288506414e-01 1.467731373851924870e-01 3.651120151252573720e-01 6.113214101052757421e-01 5.926450593742952355e-01 6.648685243869590922e-01 2.523435125180688576e-01 3.524968858666920335e-01 7.413047402774735062e-01 9.066398813402525292e-01 9.480582209234079683e-01 7.090723662810163308e-01 4.861016322460923744e-01 9.800261617511364376e-01 9.372429749234679752e-01 7.814374982992279284e-01 9.185729061621494829e-01 6.957664913737746648e-01 4.123414643705154425e-01 8.250033515951703533e-01 3.294368691257144599e-01 7.684058571644705182e-01 9.892869301115323477e-01 1.664805553551267359e-01 2.690394511629692342e-01 5.235670221422709103e-01 3.002005749589842232e-02 5.345126737912494486e-01 2.103551626298542088e-01 5.603735204976225681e-01 2.525261837947950783e-01 7.526366649033284784e-01 7.814516445741188644e-01 4.517646599935490892e-01 4.976881699115632829e-01 5.834476267072674638e-03 8.088939166440867190e-01 1.397142076281573386e-01 7.952615909928487659e-01 2.557861698377128512e-01 3.478746436947872667e-01 6.242121461124938708e-02 2.405937013316080675e-01 3.892179116833844876e-01 8.121655657120824268e-01 9.653508058447265450e-01 9.854115271398843356e-01 9.059209770702979503e-01 9.149918783293882196e-01 2.901017967943873010e-01 5.738698749725927861e-01 8.823845849510778550e-01 7.154692915440263867e-01 4.419235773869717443e-01 4.309781501261044090e-01 4.409093467432134705e-02 7.698800649221128056e-01 9.363207188996391928e-02 5.099386317268825852e-01 7.378679547404359829e-01 6.026347966695200231e-02 5.952353580124561949e-01 6.257914483067265055e-01 2.686595248528441671e-01 8.398184145209541818e-01 9.549569856866195749e-01 4.164082219885499869e-01 5.263916631135681090e-01 3.338409704309440729e-01 3.432892082549744428e-01 8.372245897290160332e-01 2.329193859962026547e-01 5.728852999199427476e-01 9.504158235551091183e-01 4.143290735260570790e-01 7.889411236471031152e-01 5.536110351236709359e-01 5.396705976527528259e-01 2.872266205787090687e-01 4.699926784823124093e-01 1.547197769507426823e-01 6.027805432529176333e-01 9.911505597704738380e-01 4.770821099330745385e-01 1.278686327969960068e-01 5.914338443043090088e-01 2.988444521558851763e-01 1.596022373181360532e-02
3.436727452031262953e-02 5.891622298211987019e-01 9.220700141617077517e-01 5.801153700158611093e-01 7.342119042205212942e-01 7.577237593696981577e-01 9.082268601702888633e-01 7.806029311851372388e-01 5.685693811031233835e-01 2.058430991211419592e-01 1.993712119308819197e-01 6.593452587970364265e-01 8.099664337935216230e-01 9.765488058230554769e-01 2.791041034478397576e-01 8.040853885958378910e-01 4.681220364642271203e-01 6.777822546788565550e-01 8.372727403654405265e-01 5.605321219722801951e-01 8.873194403469952807e-02 4.113139243602219608e-01 6.352918555440647541e-01 7.873153322861425885e-03 8.930652114816751697e-01 3.108612459099173719e-01 1.294395306863516115e-01 6.175607392729053347e-01 6.586161192244721629e-01 8.175568612740490293e-01 1.407558219940534538e-01 1.943843469932161616e-01 9.640583595063649813e-01 1.294934625580789200e-01 8.803752245702908263e-01 3.506043372148626158e-02 4.257864457876949782e-01 2.801637426134773179e-01 2.395047424661583824e-01 6.606180551627971465e-01 4.795009621069418193e-01 6.341178660704964720e-01 4.719489780091569164e-01 6.462421322551679115e-01 6.199354097224767379e-01 1.544595196016330663e-01 8.529541085007433798e-01 5.745280125547757022e-01 4.317837454473575365e-01 8.951814207334518603e-01 8.581318925878913539e-01 9.208888684476977948e-01 7.456142303812770544e-01 6.614506713401760996e-01 6.429495145876279460e-01 2.245739786790792447e-01 1.469258637562175229e-01 1.853891601791936017e-01 9.734391938436626202e-02 7.845646883806389749e-02 4.472448734977025886e-01 9.632936660876012525e-02 3.645312514826113404e-01 7.212842657496849608e-01 7.439889318370190852e-01 7.007142400615463673e-01 7.731430131438901121e-01 8.796412577955363687e-01 3.060561136859374365e-01 2.439973598297392465e-01 6.310631088283873424e-01 2.619074198716275781e-02 9.107487159339578975e-01 3.864716043658674716e-01 4.298133483841455327e-01 1.395483543193821729e-01 5.153582711635733560e-01 4.334606377270046051e-01 8.638852303276504108e-01 1.182894252598805096e-01 9.603361996666678335e-01 2.081337676391585845e-01 8.054547803172622533e-01 2.430155325632029628e-01 4.932827127802167366e-01 8.382541989168140750e-01 7.162839327160249736e-01 9.375636057697015469e-01 4.507346609917026736e-01 2.341840549085185685e-01 7.947410299304441539e-01 9.013293452999062705e-01 3.313714221121317749e-01 6.207825264944295540e-01 5.121766064754467163e-01 5.799079770671945466e-01 1.003154938261369145e-01 6.411033740218287091e-01 4.576272006936897840e-01 7.291351595439737876e-01 1.680074439368739458e-02 7.327047118325816788e-01 1.836185207660236962e-01 4.921218854595523773e-01 1.081449733388329948e-01 3.502520702273566044e-01 7.580937741666228247e-01 3.891731594080244383e-01 5.380953999901731954e-01 5.884912939140332089e-01 4.547127122128880039e-02 2.256410614907543577e-01 7.347983987116902815e-01 1.371582680480548655e-01 4.584126385541382742e-01 8.011374488090843293e-01 9.524341911667187910e-01 8.479552070872354852e-01 2.701812924807268645e-01 4.283143591074305423e-01
9.876037790908556158e-01 7.562370135170182195e-01 1.072007315824774487e-01 9.470104901917342222e-02 4.496497665567208424e-01 9.654258891971789769e-01 1.247253392332549060e-01 6.439959867765648882e-01 4.920881547610228557e-01 2.351131013020424376e-03 3.486003134688985261e-01 9.692775520026187808e-01 1.915861832145074883e-01 1.940434896774856366e-02 7.516647774466489462e-01 7.628883552391553247e-01 2.917652629393384656e-01 3.451173695402997010e-01 4.665391636152981247e-01 7.363206702006691584e-01 1.113134469862030462e-01 6.042415353251768817e-01 7.015076935358854904e-03 8.877336250469651802e-01 1.601385569029224465e-01 1.389717561279423252e-01 5.170372841152340859e-01 8.911441042710527283e-01 6.836419522112099356e-01 7.620434750091924503e-01 9.478780949485199336e-01 8.554303197887408450e-01 9.219298166393996574e-01 3.315970696135026596e-01 4.430854348613688654e-02 7.802585299903627147e-01 8.564740114502713553e-01 3.209937714317454560e-01 3.764081922278033066e-01 1.931931373713285938e-01 3.371481609635599286e-01 4.467867938144335360e-01 6.479899623862793723e-01 7.370968156736202870e-01 7.424564361563390502e-02 4.398158253211199575e-01 8.621843903734801584e-01 5.539460633666827283e-01 4.000234983109568487e-01 2.275377163423419891e-02 6.681985563643645376e-01 1.547093685398470697e-01 9.401589203742414247e-01 2.941789689598445223e-01 6.025321539286970784e-01 5.229402882006345399e-01 8.657239241687899600e-01 4.104575791347165881e-01 6.380997806069019784e-01 5.609742764373942814e-01 9.022772263516594116e-01 5.936402859399417808e-01 9.649285232184859895e-01 2.230325618036111956e-01 7.379822338127586256e-01 2.034437859440683116e-01 2.319130458769336212e-02 8.584952046606025844e-01 3.158689649482857575e-01 6.995488336831414689e-01 5.300289674769131931e-02 8.369096041765264893e-01 4.382237729838621698e-01 6.421420691532125913e-01 3.618456257503516182e-01 1.699500190801963573e-01 2.082282334461540430e-01 9.001635664366827161e-01 9.028588967491126827e-01 5.364779046658105788e-01 1.822365054512803395e-01 1.517882276671322916e-02 1.576947509528028313e-01 2.249489048655569645e-01 6.688135854231331834e-01 3.230886075654308964e-01 8.122121683070196996e-01 4.366546150883162669e-01 8.429903914148939581e-02 8.762858981681349579e-01 6.209774264652631048e-01 7.017785823379054655e-01 2.390369232683876577e-01 7.349655146794921157e-01 6.965089882442887514e-02 9.157149761256101472e-01 6.532072562875457233e-02 6.316633142053111882e-01 5.251690179992709595e-01 2.966723782530590325e-01 3.527743942768765129e-01 6.110049633786918122e-01 1.910599998457759296e-01 2.082976400505509584e-01 2.839484225122773653e-01 1.078510667232934761e-02 2.305496312192569786e-01 7.302417267079154284e-01 9.136688458478259278e-03 8.177650845935920954e-01 3.077961392200988522e-01 5.461164673976511841e-01 2.271576685296379239e-01 8.858599542938321303e-01 8.731843724496599624e-01 5.883320887150764733e-01 7.756599817607409131e-01 2.446040393039199401e-01 9.217408119599690419e-01 6.615792245450478060e-01
6.154385523846783723e-02 7.920395364187509113e-01 5.044958854228517309e-01 4.951532038656498713e-01 7.165104198671536917e-01 9.988764605277899999e-02 3.640492075891459400e-01 3.216640587276170526e-01 6.079171791919368850e-01 6.050574507902584109e-01 8.954606193309507800e-01 1.326049222252330129e-01 4.530267317689706807e-02 1.458243117807830336e-01 2.168965980988302178e-01 7.504437514107044072e-01 3.656374717519716988e-01 6.848857780749517676e-02 5.539816866502310644e-01 2.445942565321234108e-01 2.195562040932000913e-01 6.085577786481018991e-01 4.296415618915930823e-01 4.310207927788871629e-01 2.324599876887283312e-01 6.834583281103756569e-02 4.460592961742749774e-01 9.550562016336269222e-01 1.218239561102929525e-02 4.097825843543373425e-01 6.040225813867026172e-01 6.642062202652985192e-01 6.514792495925509908e-01 7.921597135457625338e-02 1.925632517491493445e-02 1.322495968537177324e-01 7.461738545249256838e-01 3.401289676485076408e-01 6.306202425630558217e-02 8.105532588414078310e-01 4.618765359090485356e-01 1.540263672135949724e-01 4.419322542293060430e-01 5.799320657685772540e-01 2.162707848491689511e-01 1.922045462442889541e-02 8.567641814395567934e-01 8.892939374189311463e-01 6.546719215498849609e-01 6.420859275896095841e-02 6.491095699317043222e-01 1.687554526466832350e-01 1.912194335898906861e-01 8.879858339471604634e-01 3.425010781166859530e-03 1.360461078289231240e-01 4.296988387614363303e-01 5.951673999237172552e-01 3.237486160018311354e-01 9.471632369492528625e-01 8.178676518095451264e-02 9.748745503592378681e-01 5.390270940748367323e-01 5.642276894824655997e-01 7.677439924626294765e-01 6.419186801665074382e-01 2.867077834750512144e-01 4.679208857906291819e-01 8.881897757207235511e-02 7.441967520657543078e-01 3.895711958044413281e-01 2.690925190346057372e-01 4.043051442286448305e-01 3.716756326225778562e-01 1.326035780687065957e-01 9.318534099699032902e-01 8.589484280106176595e-01 3.997182618719352654e-01 3.857743501223585003e-01 3.876102490975227299e-01 7.202416124067666514e-01 5.434113097464798869e-01 6.530199758998852522e-01 2.181137616614946539e-01 2.087527138874373245e-01 9.082250673004244046e-02 4.015653823511539100e-01 2.820384143040683966e-01 4.588719676970433037e-01 3.337734249503855333e-01 2.166246988138608165e-01 5.654140820279259794e-01 1.746168837257889850e-01 3.882714033175632684e-01 1.238225899943616870e-01 4.923982115265571613e-01 8.521992434899666735e-01 9.516581052981113453e-01 3.073335972108479641e-01 9.284125141626526911e-01 2.415089752957764180e-01 8.103727076682538666e-01 1.212829672692017358e-02 7.771994259929307924e-01 5.407941299078836694e-01 3.842113842528183110e-02 4.071377604864563349e-01 4.606407713040658880e-01 1.775607259717291164e-01 1.080795851204519042e-01 7.187563186773873181e-01 3.277277877446939103e-01 5.202208014608922237e-02 5.460076166628621275e-01 1.444550643945358148e-01 5.990677650235065599e-02 8.022549813305890343e-02 2.258856575440111314e-01 4.783278750895321174e-01 3.879281283381662560e-01
9.689734654123608459e-01 4.796721140356771107e-01 9.098679167534325929e-01 3.911055715576428060e-02 6.236063799331225121e-01 4.976497349304496165e-01 4.899478523243131489e-01 6.582278416445977998e-01 2.625364776526936117e-01 3.251124432628239580e-01 8.716924995871184745e-01 4.912581264452211549e-01 4.345104421616907686e-02 9.210668208257328793e-01 1.755182471195736449e-01 9.555376503614834149e-01 5.754466133075661904e-01 3.685991435238439307e-01 4.378650601115241514e-02 9.891813378041687255e-01 8.708554613919865517e-01 2.697812275867372822e-01 7.999407235026358975e-01 7.919802902920853871e-01 5.244152005759897817e-01 4.624549663994310666e-01 8.243947238980529058e-01 5.367763566712431267e-01 2.986527556125260219e-01 2.377745962503787780e-01 8.113295454587062805e-01 8.539840315986909625e-01 9.805725521100099318e-01 5.830827955857602607e-01 8.832305095187032995e-01 9.756766018175118127e-01 7.667491870638960538e-01 8.953553148252892946e-01 3.801976545177976341e-01 1.524565599402846194e-01 6.764837343478365961e-01 2.886849977544078127e-01 4.942439255893604777e-02 7.078061201061129903e-01 8.214005522369925982e-01 3.213729193421721586e-02 4.410676852663468761e-01 1.731482165111176696e-01 1.656934539753226465e-01 8.185253130054946924e-01 9.034282131090665136e-02 1.123547570468730328e-03 4.485654909108389710e-01 9.024903309186366185e-01 4.006107902359371531e-01 6.538067181661728622e-01 9.827576511170821316e-02 6.578875211617828400e-01 5.443353678600469925e-01 4.433777280611473914e-01 1.011860241605633259e-02 2.507602083757473066e-01 1.050759678567037003e-02 2.755739605958763550e-01 6.761972304789352073e-01 2.798098481180034680e-01 5.046235866733056463e-01 2.502470816435351519e-01 9.528844083694629763e-01 1.155160994434515365e-01 6.051863198986190406e-01 3.835489353492882447e-01 4.330077915533306898e-01 4.882270349324874248e-01 8.863618413053510059e-01 8.685456922447400974e-01 9.039129941435317672e-01 1.172857403219629280e-02 9.780739487070044813e-01 3.521361747231409600e-01 2.123410661901814489e-01 6.208209981460806048e-01 5.733309723950092973e-01 4.164002515421146855e-01 2.908127642178103267e-01 4.592058069910376350e-02 4.529652209282826192e-01 3.388183685955481472e-01 4.060057727822433682e-01 1.301906753542606543e-01 5.303602238783773348e-01 5.247372795623341801e-01 5.967875876626419496e-01 3.844701905684105858e-01 7.701689073639985672e-01 8.366387901222613888e-01 2.431574307239099397e-01 1.166809868918989856e-01 1.715094311736633514e-01 5.663262362477287093e-01 2.633131212966131063e-01 4.997391649006291958e-01 5.888189380030208753e-01 3.125086513978968528e-01 2.871488914234650025e-01 4.345904916925691364e-01 6.259732582499236697e-01 1.758837740990127907e-01 4.700670612585923225e-01 2.966005277875478630e-01 8.769479205464795202e-01 6.539862457540612795e-01 8.827730201805696897e-01 4.183446951083408250e-01 9.399857190314919730e-02 5.748375783193955257e-01 2.250771669661845165e-01 1.823808704980395268e-01 8.344207330719191074e-01 6.315011925419420358e-01
9.848943271375288910e-01 7.122671239146580735e-01 2.520079406379323039e-01 3.377575093512419357e-02 6.839720107145549344e-01 5.922838840776134539e-01 2.005289954962314880e-01 1.190909286590282612e-01 9.910611837151566128e-01 8.921758350365092127e-01 7.898763781573098219e-01 8.705562377649880279e-01 2.095189797215346594e-03 7.863094734812271502e-01 9.125723720337005629e-01 4.192243498145729053e-01 8.941717159169702001e-01 8.918268376194912195e-01 1.561782143000675083e-01 8.777827962811017848e-01 8.031939178067667440e-01 6.204553431497955573e-01 4.189301109066234652e-02 6.656096152463719662e-02 9.329682891208113116e-02 2.239848591652984222e-01 3.806790617444224534e-01 2.480218175752870735e-01 7.955951434996784144e-01 9.521999652379184997e-01 7.759468000824416567e-01 7.453154643359849452e-01 2.811152005750575666e-01 5.006793186378860616e-01 5.845973442165226519e-01 6.193755119509555263e-01 5.521789356968798135e-01 7.528095852686303990e-01 6.038601710129217759e-01 7.289549559862945616e-01 6.342106142822252490e-01 2.889522528967792825e-01 2.828184059674945239e-01 8.900752886236784622e-02 2.449208830062109543e-01 8.299309083040599111e-01 7.436980508293238312e-01 6.814839382604900297e-01 2.387180288927126526e-02 1.572131520709378893e-01 7.878698720079359008e-01 9.267231361473540208e-01 5.886168888462256499e-01 7.876030497759857196e-01 8.707121602921564785e-01 4.537454730499869138e-01 3.862534940661193072e-01 1.714776959946124890e-01 9.001289513213284188e-02 1.826854332053623464e-01 2.962198039153355333e-01 4.262318239926263796e-01 6.708004211426588093e-01 9.289677257165148694e-01 4.025564745807926892e-01 1.654058465931785848e-01 1.531392572782829253e-01 2.149074442327312262e-01 5.423233784394208001e-01 7.708653280202104607e-01 6.336021994258722589e-01 3.186711847909041717e-01 3.288164195578683335e-01 1.578961949190607061e-01 1.409680739843051089e-01 6.565949275745875946e-01 9.145206394893383717e-01 4.634421918605424739e-02 5.002835653651014347e-01 1.491312613705180201e-01 7.188077031722391874e-01 7.835575411027373427e-01 7.820787483322562128e-01 6.641349001837106858e-01 4.666103800343509578e-01 3.442850164638208144e-01 5.434109453940502155e-01 4.872465061707814682e-01 1.228829256524374136e-01 7.587661867574203578e-01 1.457853954262343654e-01 2.356133455553728329e-01 8.679761795443865502e-01 6.096800866169924671e-01 5.420941997077829422e-01 9.627389511063566552e-02 9.939512409497580636e-01 6.765846635187251490e-01 8.562073493418884684e-01 6.962443330852390311e-01 1.705010397030131131e-01 1.561465674997473130e-01 9.469852684154700384e-01 6.404511254563672873e-01 4.378290721000042129e-01 1.745023909935473627e-01 9.129055547310781504e-01 6.704581834783696070e-01 2.413800823846040666e-01 1.909794821394343867e-01 6.102017126424971183e-01 7.882015497573573448e-01 6.063750098347194806e-01 6.462634931564024132e-01 5.345076023020228773e-01 1.438268679006043937e-01 7.985611688954136200e-01 5.173253542899786117e-01 1.670264517405229965e-01 3.470206229470259585e-01
9.510854351133763984e-01 8.848836652249165713e-01 2.104258092811470693e-01 9.450105072609333856e-01 4.629354411683834769e-01 1.564356593115877603e-01 4.674341469714431430e-01 4.169925995582725031e-01 8.050389240266742075e-02 4.532753922260946977e-01 5.045029630744466420e-01 9.383582420545416580e-01 8.808478454590064066e-01 5.202795315681174593e-01 1.466948605599904809e-01 8.999930524231671836e-01 3.447427270683269818e-01 8.864500313559999789e-01 3.734162825341432734e-01 5.651423298262376882e-01 1.411832030958026785e-01 1.759604181759754082e-01 9.311252468049562303e-01 5.000680866446272077e-01 4.454352358628953512e-01 9.446565823828777519e-01 9.711859081943589045e-01 1.678112698061241526e-01 8.068404491089471442e-01 3.231489958671118767e-02 3.930619253182063844e-01 7.350706242056359585e-01 3.140856723112394056e-01 8.953304974503879521e-01 1.085402713516968598e-01 1.811125777951111404e-01 8.249055083969256685e-01 1.527220442259324962e-01 3.635561737632997392e-01 7.153313512348254966e-01 4.604019784072843624e-02 6.563061616830382361e-01 4.770541685397367004e-03 4.472560180210309877e-01 4.070138557468025997e-01 6.850198663426245727e-01 8.845053367717680137e-01 7.531782501914496830e-02 6.438223122324709946e-01 5.310134497728270508e-01 6.478274118281257543e-02 7.035727226614082452e-01 5.575409942873452707e-01 1.276937655087370116e-01 2.481635949667623242e-01 1.540723226108446919e-01 3.065713555573704729e-01 7.794857597398382465e-01 9.120656723449399594e-01 6.085402507509624082e-01 3.613742391918318697e-01 1.781893867162204215e-01 8.262646271303364376e-02 2.352744875558641091e-01 8.078441965542469960e-01 2.894375301802571965e-01 5.680325494235812789e-01 2.940368216342904573e-01 1.805391424363258501e-01 2.351260075423847740e-01 6.412690008045038859e-01 3.342362298723003944e-01 6.725947483024571349e-01 4.332976200915953369e-01 1.623189831967659646e-01 5.060171657485672547e-01 2.665036561402031046e-01 9.739003109278341341e-01 5.252044889116602722e-01 1.751042263071079796e-01 1.700425127358189403e-01 1.563367899339684897e-01 2.088724724003863109e-01 7.316691093975923321e-01 9.164939655897651472e-01 7.693089843166319719e-01 6.457133886426720260e-01 4.981313421013212617e-01 4.192873673350772101e-02 4.457976846258603354e-01 3.286747214205799628e-01 3.582171366671448309e-01 4.146451952327115942e-01 6.145870947764200398e-01 3.675112631421062481e-01 9.052991663273578515e-01 9.773170413201260898e-01 6.446478656825431752e-01 8.178237026165688928e-01 9.357174247971298264e-01 5.287977455340933108e-01 4.065574685461244009e-01 3.692300503182284199e-01 1.439603443735855137e-01 8.600568501646033148e-01 6.587643032929376696e-01 8.487850319424506962e-01 3.831196013353610486e-02 4.192983107364023354e-02 1.182776588667409090e-01 2.721053423597954435e-01 6.193350290647425815e-02 6.787594332421040821e-01 3.611217109416450244e-01 6.491973355920900302e-01 6.009887147795202056e-01 4.361673431325545636e-01 6.536104753101692477e-01 5.008924216740672231e-01 8.310276010514239253e-01
9.628734461411685430e-01 4.143035023098292635e-01 4.985306909891134008e-01 2.318672529514190783e-01 3.903100402170174288e-01 5.525121215543522535e-01 9.486158154711321622e-03 6.201087485791522136e-01 3.754939730097313078e-01 7.957796503312413172e-01 4.710643058578773967e-01 4.844897858378000022e-01 5.808716806257752108e-01 5.331181304990455505e-01 7.006171776728098433e-02 6.684543265125209022e-02 4.885460936949681532e-01 3.112832649742443003e-01 1.291906246880545339e-01 7.048517320821826582e-01 4.058879142588645017e-02 3.658656599398198983e-01 9.036083290424653525e-01 6.363848261768618730e-01 3.473225089803779753e-01 8.643720129474896652e-02 5.629021380446297407e-03 2.329112761378338003e-02 3.217840656017223466e-01 3.120512941151833974e-01 4.694285103541135928e-01 9.214395878060556155e-01 9.525686821525545245e-01 9.015766229630288731e-01 7.420134350999675332e-01 4.683146669549014263e-01 8.081685689951956242e-01 4.576997897762437040e-01 4.757951468495946745e-02 3.510734273962765606e-01 5.072246022322021153e-01 4.969464898988864565e-01 3.526399494810594781e-02 4.396047869151548104e-01 3.664927054170660226e-01 8.339123321949726275e-01 3.398780553388871528e-01 6.091513918007915862e-01 6.785644946811068001e-01 2.991792475113249639e-01 9.523907929216404167e-01 9.830332660248811694e-01 7.240898639919526314e-01 1.226015628462538976e-01 6.569189888242507047e-01 3.913525935388642019e-01 9.233595301671082556e-02 7.096441636911271500e-01 5.495507837203789103e-01 1.969499392667484194e-01 1.697015351194790522e-01 5.774432968728848703e-02 5.728237645542848533e-01 2.155756385805321917e-01 4.862599902886697301e-01 2.465523412895030964e-01 6.387502659346815381e-01 8.641557180417908102e-01 2.990220924571908023e-01 6.251796223475749592e-01 1.444406868470471395e-04 2.096499631738201197e-01 4.632979488586164152e-01 8.648805011376555774e-01 5.192500392282893840e-01 8.516101491768245380e-01 7.373074007033095789e-01 7.627655117688160180e-01 7.962670008827539281e-01 5.962827018973709814e-01 3.854069555740352593e-01 5.844711704122987905e-01 9.021701636216556963e-01 7.853253689810393290e-01 8.519576910537322023e-01 4.985636110110248653e-01 1.914046519542875746e-01 6.299380642260168361e-01 2.810916279812233354e-01 4.326711952910275993e-01 3.284169055466806819e-01 8.702921955079404581e-01 2.335060877484809172e-01 5.135409971709263832e-01 4.342433968006120804e-02 3.115107428874124285e-01 6.249880351843256632e-01 1.220392415942962439e-01 9.847186541223408307e-01 8.449746551496581937e-01 2.931739521450854591e-01 5.736727693432347452e-01 6.759192803240248182e-01 2.654130266740972743e-01 7.770384098409591767e-01 5.093043746352853285e-01 7.152703877671340305e-01 1.859613466678226024e-01 3.245419071037980441e-02 1.228846495026989505e-01 9.707426619733288131e-01 3.720977758742722852e-01 1.519139977623009674e-01 3.488371660103474214e-01 6.953050613920810363e-01 6.390363922893060877e-01 2.742286904386266322e-01 7.996180913716474103e-01 5.879199738503683159e-01 5.598785847162240925e-01
4.809828949422324529e-01 9.524060914972167780e-01 8.126040928798924368e-01 2.873417575977637028e-01 9.662893575601635421e-01 2.666017436876643165e-01 8.741032348570815236e-01 1.894689737522323725e-01 5.672607095862255422e-01 5.955990201921436134e-01 2.170003961829215511e-01 3.691344679825778741e-01 6.824941905351579186e-01 4.298688942511824651e-01 2.873733051088162016e-01 7.372993989913965152e-01 7.240662091370293485e-01 3.225622699210671795e-01 3.084465728961315323e-01 7.761874698211523871e-02 2.647314473548211256e-01 4.428588377476601057e-01 2.750504250114659266e-01 4.060756726836300956e-02 5.391959138626689629e-02 1.211405084448916591e-01 9.815377668360112384e-01 8.545459229366344500e-01 7.467942264824238841e-01 3.075519000171045292e-01 5.847351595351785170e-01 3.941421474925000945e-01 9.367800577150290353e-01 7.374701208260087126e-01 6.103717217739401679e-01 3.314271782266378086e-01 7.344378204018355838e-01 1.922222140670269974e-01 5.593956081485074172e-01 7.163772316446161970e-01 9.241554993622781433e-01 9.933727323202862225e-01 9.394826607642482452e-01 9.510049277449048599e-01 7.191051490425198756e-01 6.613065534097777309e-01 1.398160110487679519e-01 3.101006147700924309e-02 4.856915923031727145e-01 6.854405319523018125e-01 8.006184882522595636e-01 1.250222249318696521e-01 3.089730388502958114e-01 4.790279910147559050e-01 5.371252018844120402e-01 1.235124167713748111e-01 7.043904523217898728e-01 5.464418779182992347e-01 2.635084912849962047e-01 6.749778680775910811e-01 1.664641273238036678e-01 7.349493901716247501e-01 5.100756355972636547e-01 8.437331345739026434e-01 9.873547715716134432e-01 9.279069272372992838e-01 2.093804212074736881e-01 3.574272478313881285e-01 2.488243658275164361e-01 2.036617012474735144e-01 2.133275850179215949e-01 9.691357563882752046e-02 5.715135711782686201e-01 7.578333736947434618e-01 8.645004306795927018e-01 3.391663171635361795e-01 3.087771524918998534e-01 8.240411453830722710e-01 7.164257280581342036e-01 1.309076344674513503e-01 2.621965515483497544e-01 1.936743694037360575e-01 5.758757160982229673e-01 8.023231463281825793e-01 4.757057177489809607e-01 8.024469628919262965e-01 9.339481492090250248e-01 7.535133618171261372e-01 2.694310974520984781e-01 3.985145266654600560e-01 6.207751008945532334e-01 5.458314024751372839e-01 1.232181665147866756e-01 3.768627857656436930e-01 9.108925191521886067e-01 3.896198273527651246e-02 8.918773536977195882e-01 1.208496750116342389e-01 6.636963995050610965e-01 1.673055362781272759e-01 6.117776794371070359e-01 5.606079585119772002e-02 7.788937625860139491e-01 1.192406582571000628e-01 2.014124960794350105e-01 9.988799525308698080e-01 2.561777120824272336e-01 1.248914277990977872e-01 9.591588147239104023e-01 2.352977998667056259e-01 8.854105693347520400e-01 7.686586997553945810e-02 3.893246589477995512e-01 8.525915057691495491e-01 9.724031909939042650e-01 7.197030633637209185e-01 7.679246316987512477e-01 4.567557828050653468e-01 2.701418252541376575e-02 6.728121734003567056e-02
